t -0.759032 0.515673 0.000000 0.000000 0.000000 -0.346725 0.510403 0.000000 0.000000 0.000000 -0.759377 -0.312296 0.000000 0.000000 0.000000
t -0.759377 -0.312296 0.000000 0.000000 0.000000 -0.346725 0.510403 0.000000 0.000000 0.000000 -0.304939 0.341875 0.000000 0.000000 0.000000
t 0.336698 0.473670 0.000000 0.000000 0.000000 0.608824 0.478178 0.000000 0.000000 0.000000 0.672228 0.441383 0.000000 0.000000 0.000000
t 0.335231 0.361693 0.000000 0.000000 0.000000 0.336698 0.473670 0.000000 0.000000 0.000000 0.672228 0.441383 0.000000 0.000000 0.000000
t 0.335231 0.361693 0.000000 0.000000 0.000000 0.672228 0.441383 0.000000 0.000000 0.000000 0.723662 0.398762 0.000000 0.000000 0.000000
t 0.335231 0.361693 0.000000 0.000000 0.000000 0.723662 0.398762 0.000000 0.000000 0.000000 0.951198 0.365820 0.000000 0.000000 0.000000
t 0.335231 0.361693 0.000000 0.000000 0.000000 0.951198 0.365820 0.000000 0.000000 0.000000 0.558952 0.342834 0.000000 0.000000 0.000000
t 0.558952 0.342834 0.000000 0.000000 0.000000 0.951198 0.365820 0.000000 0.000000 0.000000 0.653560 0.237628 0.000000 0.000000 0.000000
t 0.653560 0.237628 0.000000 0.000000 0.000000 0.951198 0.365820 0.000000 0.000000 0.000000 0.944230 -0.166074 0.000000 0.000000 0.000000
t -0.759377 -0.312296 0.000000 0.000000 0.000000 -0.304939 0.341875 0.000000 0.000000 0.000000 -0.318926 0.190072 0.000000 0.000000 0.000000
t -0.318926 0.190072 0.000000 0.000000 0.000000 -0.304939 0.341875 0.000000 0.000000 0.000000 -0.105510 0.308543 0.000000 0.000000 0.000000
t -0.318926 0.190072 0.000000 0.000000 0.000000 -0.105510 0.308543 0.000000 0.000000 0.000000 0.015902 0.261223 0.000000 0.000000 0.000000
t -0.318926 0.190072 0.000000 0.000000 0.000000 0.015902 0.261223 0.000000 0.000000 0.000000 0.035242 0.207528 0.000000 0.000000 0.000000
t 0.619213 0.058072 0.000000 0.000000 0.000000 0.653560 0.237628 0.000000 0.000000 0.000000 0.944230 -0.166074 0.000000 0.000000 0.000000
t 0.349340 0.217516 0.000000 0.000000 0.000000 0.477405 0.223880 0.000000 0.000000 0.000000 0.475257 0.059912 0.000000 0.000000 0.000000
t 0.350195 -0.022487 0.000000 0.000000 0.000000 0.349340 0.217516 0.000000 0.000000 0.000000 0.475257 0.059912 0.000000 0.000000 0.000000
t -0.318926 0.190072 0.000000 0.000000 0.000000 0.035242 0.207528 0.000000 0.000000 0.000000 -0.127430 0.153616 0.000000 0.000000 0.000000
t -0.127430 0.153616 0.000000 0.000000 0.000000 0.035242 0.207528 0.000000 0.000000 0.000000 0.027248 0.070869 0.000000 0.000000 0.000000
t -0.759377 -0.312296 0.000000 0.000000 0.000000 -0.318926 0.190072 0.000000 0.000000 0.000000 -0.433535 -0.010328 0.000000 0.000000 0.000000
t -0.433535 -0.010328 0.000000 0.000000 0.000000 -0.318926 0.190072 0.000000 0.000000 0.000000 -0.372955 0.036758 0.000000 0.000000 0.000000
t -0.112666 0.059427 0.000000 0.000000 0.000000 -0.127430 0.153616 0.000000 0.000000 0.000000 0.027248 0.070869 0.000000 0.000000 0.000000
t 0.350195 -0.022487 0.000000 0.000000 0.000000 0.475257 0.059912 0.000000 0.000000 0.000000 0.619213 0.058072 0.000000 0.000000 0.000000
t 0.350195 -0.022487 0.000000 0.000000 0.000000 0.619213 0.058072 0.000000 0.000000 0.000000 0.525879 -0.044731 0.000000 0.000000 0.000000
t 0.525879 -0.044731 0.000000 0.000000 0.000000 0.619213 0.058072 0.000000 0.000000 0.000000 0.944230 -0.166074 0.000000 0.000000 0.000000
t -0.759377 -0.312296 0.000000 0.000000 0.000000 -0.433535 -0.010328 0.000000 0.000000 0.000000 -0.434873 -0.112450 0.000000 0.000000 0.000000
t 0.507841 -0.200496 0.000000 0.000000 0.000000 0.525879 -0.044731 0.000000 0.000000 0.000000 0.728558 -0.143318 0.000000 0.000000 0.000000
t 0.728558 -0.143318 0.000000 0.000000 0.000000 0.525879 -0.044731 0.000000 0.000000 0.000000 0.944230 -0.166074 0.000000 0.000000 0.000000
t 0.014493 -0.050196 0.000000 0.000000 0.000000 0.201980 -0.048604 0.000000 0.000000 0.000000 0.281353 -0.095608 0.000000 0.000000 0.000000
t 0.012476 -0.204168 0.000000 0.000000 0.000000 0.014493 -0.050196 0.000000 0.000000 0.000000 0.281353 -0.095608 0.000000 0.000000 0.000000
t 0.012476 -0.204168 0.000000 0.000000 0.000000 0.281353 -0.095608 0.000000 0.000000 0.000000 0.354914 -0.294552 0.000000 0.000000 0.000000
t -0.367313 -0.145312 0.000000 0.000000 0.000000 -0.178690 -0.095725 0.000000 0.000000 0.000000 -0.128592 -0.240360 0.000000 0.000000 0.000000
t -0.759377 -0.312296 0.000000 0.000000 0.000000 -0.434873 -0.112450 0.000000 0.000000 0.000000 -0.367313 -0.145312 0.000000 0.000000 0.000000
t 0.507841 -0.200496 0.000000 0.000000 0.000000 0.728558 -0.143318 0.000000 0.000000 0.000000 0.667844 -0.198541 0.000000 0.000000 0.000000
t 0.776282 -0.163928 0.000000 0.000000 0.000000 0.728558 -0.143318 0.000000 0.000000 0.000000 0.944230 -0.166074 0.000000 0.000000 0.000000
t -0.759377 -0.312296 0.000000 0.000000 0.000000 -0.367313 -0.145312 0.000000 0.000000 0.000000 -0.128592 -0.240360 0.000000 0.000000 0.000000
t 0.507841 -0.200496 0.000000 0.000000 0.000000 0.667844 -0.198541 0.000000 0.000000 0.000000 0.665538 -0.374506 0.000000 0.000000 0.000000
t 0.487140 -0.262233 0.000000 0.000000 0.000000 0.507841 -0.200496 0.000000 0.000000 0.000000 0.665538 -0.374506 0.000000 0.000000 0.000000
t 0.155313 -0.277967 0.000000 0.000000 0.000000 0.012476 -0.204168 0.000000 0.000000 0.000000 0.354914 -0.294552 0.000000 0.000000 0.000000
t -0.759377 -0.312296 0.000000 0.000000 0.000000 -0.128592 -0.240360 0.000000 0.000000 0.000000 -0.293732 -0.282249 0.000000 0.000000 0.000000
t 0.354914 -0.294552 0.000000 0.000000 0.000000 0.487140 -0.262233 0.000000 0.000000 0.000000 0.665538 -0.374506 0.000000 0.000000 0.000000
t 0.150224 -0.679910 0.000000 0.000000 0.000000 0.155313 -0.277967 0.000000 0.000000 0.000000 0.354914 -0.294552 0.000000 0.000000 0.000000
t -0.759377 -0.312296 0.000000 0.000000 0.000000 -0.293732 -0.282249 0.000000 0.000000 0.000000 -0.459469 -0.316129 0.000000 0.000000 0.000000
t -0.459469 -0.316129 0.000000 0.000000 0.000000 -0.293732 -0.282249 0.000000 0.000000 0.000000 -0.305748 -0.418091 0.000000 0.000000 0.000000
t 0.150224 -0.679910 0.000000 0.000000 0.000000 0.354914 -0.294552 0.000000 0.000000 0.000000 0.436299 -0.471573 0.000000 0.000000 0.000000
t 0.436299 -0.471573 0.000000 0.000000 0.000000 0.354914 -0.294552 0.000000 0.000000 0.000000 0.665538 -0.374506 0.000000 0.000000 0.000000
t -0.481716 -0.487853 0.000000 0.000000 0.000000 -0.459469 -0.316129 0.000000 0.000000 0.000000 -0.305748 -0.418091 0.000000 0.000000 0.000000
t 0.436299 -0.471573 0.000000 0.000000 0.000000 0.665538 -0.374506 0.000000 0.000000 0.000000 0.596564 -0.449622 0.000000 0.000000 0.000000
t -0.481716 -0.487853 0.000000 0.000000 0.000000 -0.305748 -0.418091 0.000000 0.000000 0.000000 -0.082600 -0.420942 0.000000 0.000000 0.000000
t -0.481716 -0.487853 0.000000 0.000000 0.000000 -0.082600 -0.420942 0.000000 0.000000 0.000000 -0.085537 -0.676897 0.000000 0.000000 0.000000
t 0.150224 -0.679910 0.000000 0.000000 0.000000 0.436299 -0.471573 0.000000 0.000000 0.000000 0.359664 -0.542591 0.000000 0.000000 0.000000
t -0.424328 -0.566574 0.000000 0.000000 0.000000 -0.481716 -0.487853 0.000000 0.000000 0.000000 -0.333849 -0.567730 0.000000 0.000000 0.000000
t -0.333849 -0.567730 0.000000 0.000000 0.000000 -0.481716 -0.487853 0.000000 0.000000 0.000000 -0.085537 -0.676897 0.000000 0.000000 0.000000
t 0.150224 -0.679910 0.000000 0.000000 0.000000 0.359664 -0.542591 0.000000 0.000000 0.000000 0.354739 -0.918516 0.000000 0.000000 0.000000
t -0.333992 -0.909714 0.000000 0.000000 0.000000 -0.333849 -0.567730 0.000000 0.000000 0.000000 -0.085537 -0.676897 0.000000 0.000000 0.000000
t -0.333992 -0.909714 0.000000 0.000000 0.000000 -0.085537 -0.676897 0.000000 0.000000 0.000000 0.150224 -0.679910 0.000000 0.000000 0.000000
t -0.333992 -0.909714 0.000000 0.000000 0.000000 0.150224 -0.679910 0.000000 0.000000 0.000000 0.354739 -0.918516 0.000000 0.000000 0.000000
