t -0.089222 0.089222 0.297408 -0.089222 -0.089222 0.297408 0.089222 -0.089222 0.297408 
t -0.089222 -0.089222 0.297408 0.089222 -0.089222 0.297408 0.089222 0.089222 0.297408 
t 0.068956 0.068956 -0.229855 0.068956 -0.068956 -0.229855 -0.068956 -0.068956 -0.229855 
t 0.068956 -0.068956 -0.229855 -0.068956 -0.068956 -0.229855 -0.068956 0.068956 -0.229855 
t 0.089222 0.089222 0.297408 0.089222 -0.089222 0.297408 0.068956 -0.068956 -0.229855 
t 0.089222 -0.089222 0.297408 0.068956 -0.068956 -0.229855 0.068956 0.068956 -0.229855 
t -0.068956 0.068956 -0.229855 -0.089222 0.089222 0.297408 0.089222 0.089222 0.297408 
t -0.089222 0.089222 0.297408 0.089222 0.089222 0.297408 0.068956 0.068956 -0.229855 
t -0.068956 0.068956 -0.229855 -0.068956 -0.068956 -0.229855 -0.089222 -0.089222 0.297408 
t -0.068956 -0.068956 -0.229855 -0.089222 -0.089222 0.297408 -0.089222 0.089222 0.297408 
t -0.089222 -0.089222 0.297408 -0.068956 -0.068956 -0.229855 0.068956 -0.068956 -0.229855 
t -0.068956 -0.068956 -0.229855 0.068956 -0.068956 -0.229855 0.089222 -0.089222 0.297408 
t 0.034680 0.111933 -0.197927 0.034680 0.099432 -0.197927 0.150634 0.099432 -0.245768 
t 0.034680 0.099432 -0.197927 0.150634 0.099432 -0.245768 0.150634 0.111933 -0.245768 
t 0.150634 0.111933 -0.300108 0.150634 0.099432 -0.300108 0.034680 0.099432 -0.284264 
t 0.150634 0.099432 -0.300108 0.034680 0.099432 -0.284264 0.034680 0.111933 -0.284264 
t 0.150634 0.111933 -0.245768 0.150634 0.099432 -0.245768 0.150634 0.099432 -0.300108 
t 0.150634 0.099432 -0.245768 0.150634 0.099432 -0.300108 0.150634 0.111933 -0.300108 
t 0.034680 0.111933 -0.284264 0.034680 0.111933 -0.197927 0.150634 0.111933 -0.245768 
t 0.034680 0.111933 -0.197927 0.150634 0.111933 -0.245768 0.150634 0.111933 -0.300108 
t 0.034680 0.111933 -0.284264 0.034680 0.099432 -0.284264 0.034680 0.099432 -0.197927 
t 0.034680 0.099432 -0.284264 0.034680 0.099432 -0.197927 0.034680 0.111933 -0.197927 
t 0.034680 0.099432 -0.197927 0.034680 0.099432 -0.284264 0.150634 0.099432 -0.300108 
t 0.034680 0.099432 -0.284264 0.150634 0.099432 -0.300108 0.150634 0.099432 -0.245768 
t -0.034681 0.099434 -0.197927 -0.034680 0.111935 -0.197927 -0.150634 0.111941 -0.245768 
t -0.034680 0.111935 -0.197927 -0.150634 0.111941 -0.245768 -0.150634 0.099440 -0.245768 
t -0.150634 0.099571 -0.300064 -0.150634 0.112072 -0.300059 -0.034680 0.112059 -0.284215 
t -0.150634 0.112072 -0.300059 -0.034680 0.112059 -0.284215 -0.034681 0.099558 -0.284220 
t -0.150634 0.099440 -0.245768 -0.150634 0.111941 -0.245768 -0.150634 0.112072 -0.300059 
t -0.150634 0.111941 -0.245768 -0.150634 0.112072 -0.300059 -0.150634 0.099571 -0.300064 
t -0.034681 0.099558 -0.284220 -0.034681 0.099434 -0.197927 -0.150634 0.099440 -0.245768 
t -0.034681 0.099434 -0.197927 -0.150634 0.099440 -0.245768 -0.150634 0.099571 -0.300064 
t -0.034681 0.099558 -0.284220 -0.034680 0.112059 -0.284215 -0.034680 0.111935 -0.197927 
t -0.034680 0.112059 -0.284215 -0.034680 0.111935 -0.197927 -0.034681 0.099434 -0.197927 
t -0.034680 0.111935 -0.197927 -0.034680 0.112059 -0.284215 -0.150634 0.112072 -0.300059 
t -0.034680 0.112059 -0.284215 -0.150634 0.112072 -0.300059 -0.150634 0.111941 -0.245768 
t 0.004829 -0.030450 0.418172 0.009533 -0.029320 0.418172 0.014002 -0.027468 0.418172 
t 0.009533 -0.029320 0.418172 0.014002 -0.027468 0.418172 0.018127 -0.024940 0.418172 
t 0.014002 -0.027468 0.418172 0.018127 -0.024940 0.418172 0.021805 -0.021797 0.418172 
t 0.018127 -0.024940 0.418172 0.021805 -0.021797 0.418172 0.024946 -0.018118 0.418172 
t 0.021805 -0.021797 0.418172 0.024946 -0.018118 0.418172 0.027473 -0.013992 0.418172 
t 0.024946 -0.018118 0.418172 0.027473 -0.013992 0.418172 0.029324 -0.009522 0.418172 
t 0.027473 -0.013992 0.418172 0.029324 -0.009522 0.418172 0.030453 -0.004818 0.418172 
t 0.029324 -0.009522 0.418172 0.030453 -0.004818 0.418172 0.030832 0.000005 0.418172 
t 0.030453 -0.004818 0.418172 0.030832 0.000005 0.418172 0.030452 0.004828 0.418172 
t 0.030832 0.000005 0.418172 0.030452 0.004828 0.418172 0.029322 0.009532 0.418171 
t 0.030452 0.004828 0.418172 0.029322 0.009532 0.418171 0.027470 0.014002 0.418171 
t 0.029322 0.009532 0.418171 0.027470 0.014002 0.418171 0.024941 0.018126 0.418171 
t 0.027470 0.014002 0.418171 0.024941 0.018126 0.418171 0.021799 0.021805 0.418171 
t 0.024941 0.018126 0.418171 0.021799 0.021805 0.418171 0.018120 0.024946 0.418171 
t 0.021799 0.021805 0.418171 0.018120 0.024946 0.418171 0.013994 0.027474 0.418171 
t 0.018120 0.024946 0.418171 0.013994 0.027474 0.418171 0.009525 0.029325 0.418171 
t 0.013994 0.027474 0.418171 0.009525 0.029325 0.418171 0.004820 0.030453 0.418171 
t 0.009525 0.029325 0.418171 0.004820 0.030453 0.418171 -0.000003 0.030833 0.418171 
t 0.004820 0.030453 0.418171 -0.000003 0.030833 0.418171 -0.004826 0.030453 0.418171 
t -0.000003 0.030833 0.418171 -0.004826 0.030453 0.418171 -0.009530 0.029323 0.418171 
t -0.004826 0.030453 0.418171 -0.009530 0.029323 0.418171 -0.013999 0.027471 0.418171 
t -0.009530 0.029323 0.418171 -0.013999 0.027471 0.418171 -0.018124 0.024943 0.418171 
t -0.013999 0.027471 0.418171 -0.018124 0.024943 0.418171 -0.021803 0.021801 0.418171 
t -0.018124 0.024943 0.418171 -0.021803 0.021801 0.418171 -0.024945 0.018122 0.418171 
t -0.021803 0.021801 0.418171 -0.024945 0.018122 0.418171 -0.027472 0.013996 0.418171 
t -0.024945 0.018122 0.418171 -0.027472 0.013996 0.418171 -0.029323 0.009527 0.418171 
t -0.027472 0.013996 0.418171 -0.029323 0.009527 0.418171 -0.030452 0.004822 0.418172 
t -0.029323 0.009527 0.418171 -0.030452 0.004822 0.418172 -0.030832 -0.000001 0.418172 
t -0.030452 0.004822 0.418172 -0.030832 -0.000001 0.418172 -0.030452 -0.004824 0.418172 
t -0.030832 -0.000001 0.418172 -0.030452 -0.004824 0.418172 -0.029322 -0.009528 0.418172 
t -0.030452 -0.004824 0.418172 -0.029322 -0.009528 0.418172 -0.027471 -0.013997 0.418172 
t -0.029322 -0.009528 0.418172 -0.027471 -0.013997 0.418172 -0.024943 -0.018122 0.418172 
t -0.027471 -0.013997 0.418172 -0.024943 -0.018122 0.418172 -0.021801 -0.021801 0.418172 
t -0.024943 -0.018122 0.418172 -0.021801 -0.021801 0.418172 -0.018122 -0.024943 0.418172 
t -0.021801 -0.021801 0.418172 -0.018122 -0.024943 0.418172 -0.013997 -0.027471 0.418172 
t -0.018122 -0.024943 0.418172 -0.013997 -0.027471 0.418172 -0.009527 -0.029322 0.418172 
t -0.013997 -0.027471 0.418172 -0.009527 -0.029322 0.418172 -0.004823 -0.030451 0.418172 
t -0.009527 -0.029322 0.418172 -0.004823 -0.030451 0.418172 0.000000 -0.030831 0.418172 
t 0.000000 -0.084984 0.303765 0.000000 -0.030831 0.418172 -0.004823 -0.030451 0.418172 
t 0.000000 -0.030831 0.418172 -0.004823 -0.030451 0.418172 -0.013294 -0.083938 0.303765 
t -0.013294 -0.083938 0.303765 -0.004823 -0.030451 0.418172 -0.009527 -0.029322 0.418172 
t -0.004823 -0.030451 0.418172 -0.009527 -0.029322 0.418172 -0.026260 -0.080825 0.303765 
t -0.026260 -0.080825 0.303765 -0.009527 -0.029322 0.418172 -0.013997 -0.027471 0.418172 
t -0.009527 -0.029322 0.418172 -0.013997 -0.027471 0.418172 -0.038580 -0.075722 0.303765 
t -0.038580 -0.075722 0.303765 -0.013997 -0.027471 0.418172 -0.018122 -0.024943 0.418172 
t -0.013997 -0.027471 0.418172 -0.018122 -0.024943 0.418172 -0.049950 -0.068755 0.303765 
t -0.049950 -0.068755 0.303765 -0.018122 -0.024943 0.418172 -0.021801 -0.021801 0.418172 
t -0.018122 -0.024943 0.418172 -0.021801 -0.021801 0.418172 -0.060090 -0.060095 0.303764 
t -0.060090 -0.060095 0.303764 -0.021801 -0.021801 0.418172 -0.024943 -0.018122 0.418172 
t -0.021801 -0.021801 0.418172 -0.024943 -0.018122 0.418172 -0.068751 -0.049955 0.303764 
t -0.068751 -0.049955 0.303764 -0.024943 -0.018122 0.418172 -0.027471 -0.013997 0.418172 
t -0.024943 -0.018122 0.418172 -0.027471 -0.013997 0.418172 -0.075718 -0.038586 0.303764 
t -0.075718 -0.038586 0.303764 -0.027471 -0.013997 0.418172 -0.029322 -0.009528 0.418172 
t -0.027471 -0.013997 0.418172 -0.029322 -0.009528 0.418172 -0.080822 -0.026266 0.303763 
t -0.080822 -0.026266 0.303763 -0.029322 -0.009528 0.418172 -0.030452 -0.004824 0.418172 
t -0.029322 -0.009528 0.418172 -0.030452 -0.004824 0.418172 -0.083935 -0.013300 0.303763 
t -0.083935 -0.013300 0.303763 -0.030452 -0.004824 0.418172 -0.030832 -0.000001 0.418172 
t -0.030452 -0.004824 0.418172 -0.030832 -0.000001 0.418172 -0.084982 -0.000006 0.303763 
t -0.084982 -0.000006 0.303763 -0.030832 -0.000001 0.418172 -0.030452 0.004822 0.418172 
t -0.030832 -0.000001 0.418172 -0.030452 0.004822 0.418172 -0.083936 0.013288 0.303762 
t -0.083936 0.013288 0.303762 -0.030452 0.004822 0.418172 -0.029323 0.009527 0.418171 
t -0.030452 0.004822 0.418172 -0.029323 0.009527 0.418171 -0.080824 0.026254 0.303762 
t -0.080824 0.026254 0.303762 -0.029323 0.009527 0.418171 -0.027472 0.013996 0.418171 
t -0.029323 0.009527 0.418171 -0.027472 0.013996 0.418171 -0.075722 0.038574 0.303762 
t -0.075722 0.038574 0.303762 -0.027472 0.013996 0.418171 -0.024945 0.018122 0.418171 
t -0.027472 0.013996 0.418171 -0.024945 0.018122 0.418171 -0.068755 0.049945 0.303761 
t -0.068755 0.049945 0.303761 -0.024945 0.018122 0.418171 -0.021803 0.021801 0.418171 
t -0.024945 0.018122 0.418171 -0.021803 0.021801 0.418171 -0.060096 0.060085 0.303761 
t -0.060096 0.060085 0.303761 -0.021803 0.021801 0.418171 -0.018124 0.024943 0.418171 
t -0.021803 0.021801 0.418171 -0.018124 0.024943 0.418171 -0.049956 0.068746 0.303761 
t -0.049956 0.068746 0.303761 -0.018124 0.024943 0.418171 -0.013999 0.027471 0.418171 
t -0.018124 0.024943 0.418171 -0.013999 0.027471 0.418171 -0.038587 0.075714 0.303761 
t -0.038587 0.075714 0.303761 -0.013999 0.027471 0.418171 -0.009530 0.029323 0.418171 
t -0.013999 0.027471 0.418171 -0.009530 0.029323 0.418171 -0.026268 0.080818 0.303760 
t -0.026268 0.080818 0.303760 -0.009530 0.029323 0.418171 -0.004826 0.030453 0.418171 
t -0.009530 0.029323 0.418171 -0.004826 0.030453 0.418171 -0.013301 0.083932 0.303760 
t -0.013301 0.083932 0.303760 -0.004826 0.030453 0.418171 -0.000003 0.030833 0.418171 
t -0.004826 0.030453 0.418171 -0.000003 0.030833 0.418171 -0.000008 0.084980 0.303760 
t -0.000008 0.084980 0.303760 -0.000003 0.030833 0.418171 0.004820 0.030453 0.418171 
t -0.000003 0.030833 0.418171 0.004820 0.030453 0.418171 0.013286 0.083935 0.303760 
t 0.013286 0.083935 0.303760 0.004820 0.030453 0.418171 0.009525 0.029325 0.418171 
t 0.004820 0.030453 0.418171 0.009525 0.029325 0.418171 0.026253 0.080823 0.303760 
t 0.026253 0.080823 0.303760 0.009525 0.029325 0.418171 0.013994 0.027474 0.418171 
t 0.009525 0.029325 0.418171 0.013994 0.027474 0.418171 0.038573 0.075722 0.303761 
t 0.038573 0.075722 0.303761 0.013994 0.027474 0.418171 0.018120 0.024946 0.418171 
t 0.013994 0.027474 0.418171 0.018120 0.024946 0.418171 0.049944 0.068755 0.303761 
t 0.049944 0.068755 0.303761 0.018120 0.024946 0.418171 0.021799 0.021805 0.418171 
t 0.018120 0.024946 0.418171 0.021799 0.021805 0.418171 0.060085 0.060096 0.303761 
t 0.060085 0.060096 0.303761 0.021799 0.021805 0.418171 0.024941 0.018126 0.418171 
t 0.021799 0.021805 0.418171 0.024941 0.018126 0.418171 0.068746 0.049957 0.303761 
t 0.068746 0.049957 0.303761 0.024941 0.018126 0.418171 0.027470 0.014002 0.418171 
t 0.024941 0.018126 0.418171 0.027470 0.014002 0.418171 0.075715 0.038588 0.303762 
t 0.075715 0.038588 0.303762 0.027470 0.014002 0.418171 0.029322 0.009532 0.418171 
t 0.027470 0.014002 0.418171 0.029322 0.009532 0.418171 0.080819 0.026269 0.303762 
t 0.080819 0.026269 0.303762 0.029322 0.009532 0.418171 0.030452 0.004828 0.418172 
t 0.029322 0.009532 0.418171 0.030452 0.004828 0.418172 0.083934 0.013303 0.303762 
t 0.083934 0.013303 0.303762 0.030452 0.004828 0.418172 0.030832 0.000005 0.418172 
t 0.030452 0.004828 0.418172 0.030832 0.000005 0.418172 0.084982 0.000010 0.303763 
t 0.084982 0.000010 0.303763 0.030832 0.000005 0.418172 0.030453 -0.004818 0.418172 
t 0.030832 0.000005 0.418172 0.030453 -0.004818 0.418172 0.083938 -0.013284 0.303763 
t 0.083938 -0.013284 0.303763 0.030453 -0.004818 0.418172 0.029324 -0.009522 0.418172 
t 0.030453 -0.004818 0.418172 0.029324 -0.009522 0.418172 0.080827 -0.026251 0.303763 
t 0.080827 -0.026251 0.303763 0.029324 -0.009522 0.418172 0.027473 -0.013992 0.418172 
t 0.029324 -0.009522 0.418172 0.027473 -0.013992 0.418172 0.075726 -0.038572 0.303764 
t 0.075726 -0.038572 0.303764 0.027473 -0.013992 0.418172 0.024946 -0.018118 0.418172 
t 0.027473 -0.013992 0.418172 0.024946 -0.018118 0.418172 0.068760 -0.049943 0.303764 
t 0.068760 -0.049943 0.303764 0.024946 -0.018118 0.418172 0.021805 -0.021797 0.418172 
t 0.024946 -0.018118 0.418172 0.021805 -0.021797 0.418172 0.060101 -0.060084 0.303764 
t 0.060101 -0.060084 0.303764 0.021805 -0.021797 0.418172 0.018127 -0.024940 0.418172 
t 0.021805 -0.021797 0.418172 0.018127 -0.024940 0.418172 0.049963 -0.068746 0.303765 
t 0.049963 -0.068746 0.303765 0.018127 -0.024940 0.418172 0.014002 -0.027468 0.418172 
t 0.018127 -0.024940 0.418172 0.014002 -0.027468 0.418172 0.038594 -0.075715 0.303765 
t 0.038594 -0.075715 0.303765 0.014002 -0.027468 0.418172 0.009533 -0.029320 0.418172 
t 0.014002 -0.027468 0.418172 0.009533 -0.029320 0.418172 0.026275 -0.080820 0.303765 
t 0.026275 -0.080820 0.303765 0.009533 -0.029320 0.418172 0.004829 -0.030450 0.418172 
t 0.009533 -0.029320 0.418172 0.004829 -0.030450 0.418172 0.013309 -0.083936 0.303765 
t 0.013309 -0.083936 0.303765 0.004829 -0.030450 0.418172 0.000000 -0.030831 0.418172 
t 0.004829 -0.030450 0.418172 0.000000 -0.030831 0.418172 0.000000 -0.084984 0.303765 
t -0.000595 -0.010707 0.431926 -0.072568 -0.016056 0.431926 -0.135024 -0.022596 0.431926 
t -0.072568 -0.016056 0.431926 -0.135024 -0.022596 0.431926 -0.172498 -0.029732 0.431926 
t -0.135024 -0.022596 0.431926 -0.172498 -0.029732 0.431926 -0.193911 -0.027351 0.431926 
t -0.172498 -0.029732 0.431926 -0.193911 -0.027351 0.431926 -0.199263 0.000010 0.431926 
t -0.193911 -0.027351 0.431926 -0.199263 0.000010 0.431926 -0.193313 0.026182 0.431926 
t -0.199263 0.000010 0.431926 -0.193313 0.026182 0.431926 -0.173090 0.029750 0.431926 
t -0.193313 0.026182 0.431926 -0.173090 0.029750 0.431926 -0.132643 0.020231 0.431926 
t -0.173090 0.029750 0.431926 -0.132643 0.020231 0.431926 -0.071972 0.015469 0.431926 
t -0.132643 0.020231 0.431926 -0.071972 0.015469 0.431926 0.000020 0.011005 0.431926 
t 0.000020 0.011005 0.431926 0.072567 0.016060 0.431926 0.135023 0.022603 0.431926 
t 0.072567 0.016060 0.431926 0.135023 0.022603 0.431926 0.172496 0.029741 0.431926 
t 0.135023 0.022603 0.431926 0.172496 0.029741 0.431926 0.193910 0.027361 0.431926 
t 0.172496 0.029741 0.431926 0.193910 0.027361 0.431926 0.199263 0.000000 0.431926 
t 0.193910 0.027361 0.431926 0.199263 0.000000 0.431926 0.193315 -0.026172 0.431926 
t 0.199263 0.000000 0.431926 0.193315 -0.026172 0.431926 0.173091 -0.029741 0.431926 
t 0.193315 -0.026172 0.431926 0.173091 -0.029741 0.431926 0.132644 -0.020224 0.431926 
t 0.173091 -0.029741 0.431926 0.132644 -0.020224 0.431926 0.071973 -0.015465 0.431926 
t 0.132644 -0.020224 0.431926 0.071973 -0.015465 0.431926 -0.000595 -0.010707 0.431926 
t 0.000020 0.011005 0.444891 -0.071972 0.015469 0.444891 -0.132643 0.020231 0.444891 
t -0.071972 0.015469 0.444891 -0.132643 0.020231 0.444891 -0.173090 0.029750 0.444891 
t -0.132643 0.020231 0.444891 -0.173090 0.029750 0.444891 -0.193313 0.026182 0.444891 
t -0.173090 0.029750 0.444891 -0.193313 0.026182 0.444891 -0.199263 0.000010 0.444891 
t -0.193313 0.026182 0.444891 -0.199263 0.000010 0.444891 -0.193911 -0.027351 0.444891 
t -0.199263 0.000010 0.444891 -0.193911 -0.027351 0.444891 -0.172498 -0.029732 0.444891 
t -0.193911 -0.027351 0.444891 -0.172498 -0.029732 0.444891 -0.135024 -0.022596 0.444891 
t -0.172498 -0.029732 0.444891 -0.135024 -0.022596 0.444891 -0.072568 -0.016056 0.444891 
t -0.135024 -0.022596 0.444891 -0.072568 -0.016056 0.444891 -0.000595 -0.010707 0.444891 
t -0.000595 -0.010707 0.431926 -0.000595 -0.010707 0.444891 -0.072568 -0.016056 0.444891 
t -0.000595 -0.010707 0.444891 -0.072568 -0.016056 0.444891 -0.072568 -0.016056 0.431926 
t -0.072568 -0.016056 0.431926 -0.072568 -0.016056 0.444891 -0.135024 -0.022596 0.444891 
t -0.072568 -0.016056 0.444891 -0.135024 -0.022596 0.444891 -0.135024 -0.022596 0.431926 
t -0.135024 -0.022596 0.431926 -0.135024 -0.022596 0.444891 -0.172498 -0.029732 0.444891 
t -0.135024 -0.022596 0.444891 -0.172498 -0.029732 0.444891 -0.172498 -0.029732 0.431926 
t -0.172498 -0.029732 0.431926 -0.172498 -0.029732 0.444891 -0.193911 -0.027351 0.444891 
t -0.172498 -0.029732 0.444891 -0.193911 -0.027351 0.444891 -0.193911 -0.027351 0.431926 
t -0.193911 -0.027351 0.431926 -0.193911 -0.027351 0.444891 -0.199263 0.000010 0.444891 
t -0.193911 -0.027351 0.444891 -0.199263 0.000010 0.444891 -0.199263 0.000010 0.431926 
t -0.199263 0.000010 0.431926 -0.199263 0.000010 0.444891 -0.193313 0.026182 0.444891 
t -0.199263 0.000010 0.444891 -0.193313 0.026182 0.444891 -0.193313 0.026182 0.431926 
t -0.193313 0.026182 0.431926 -0.193313 0.026182 0.444891 -0.173090 0.029750 0.444891 
t -0.193313 0.026182 0.444891 -0.173090 0.029750 0.444891 -0.173090 0.029750 0.431926 
t -0.173090 0.029750 0.431926 -0.173090 0.029750 0.444891 -0.132643 0.020231 0.444891 
t -0.173090 0.029750 0.444891 -0.132643 0.020231 0.444891 -0.132643 0.020231 0.431926 
t -0.132643 0.020231 0.431926 -0.132643 0.020231 0.444891 -0.071972 0.015469 0.444891 
t -0.132643 0.020231 0.444891 -0.071972 0.015469 0.444891 -0.071972 0.015469 0.431926 
t -0.071972 0.015469 0.431926 -0.071972 0.015469 0.444891 0.000020 0.011005 0.444891 
t -0.071972 0.015469 0.444891 0.000020 0.011005 0.444891 0.000020 0.011005 0.431926 
t -0.000595 -0.010707 0.444891 0.071973 -0.015465 0.444891 0.132644 -0.020224 0.444891 
t 0.071973 -0.015465 0.444891 0.132644 -0.020224 0.444891 0.173091 -0.029741 0.444891 
t 0.132644 -0.020224 0.444891 0.173091 -0.029741 0.444891 0.193315 -0.026172 0.444891 
t 0.173091 -0.029741 0.444891 0.193315 -0.026172 0.444891 0.199263 0.000000 0.444891 
t 0.193315 -0.026172 0.444891 0.199263 0.000000 0.444891 0.193910 0.027361 0.444891 
t 0.199263 0.000000 0.444891 0.193910 0.027361 0.444891 0.172496 0.029741 0.444891 
t 0.193910 0.027361 0.444891 0.172496 0.029741 0.444891 0.135023 0.022603 0.444891 
t 0.172496 0.029741 0.444891 0.135023 0.022603 0.444891 0.072567 0.016060 0.444891 
t 0.135023 0.022603 0.444891 0.072567 0.016060 0.444891 0.000020 0.011005 0.444891 
t 0.000020 0.011005 0.431926 0.000020 0.011005 0.444891 0.072567 0.016060 0.444891 
t 0.000020 0.011005 0.444891 0.072567 0.016060 0.444891 0.072567 0.016060 0.431926 
t 0.072567 0.016060 0.431926 0.072567 0.016060 0.444891 0.135023 0.022603 0.444891 
t 0.072567 0.016060 0.444891 0.135023 0.022603 0.444891 0.135023 0.022603 0.431926 
t 0.135023 0.022603 0.431926 0.135023 0.022603 0.444891 0.172496 0.029741 0.444891 
t 0.135023 0.022603 0.444891 0.172496 0.029741 0.444891 0.172496 0.029741 0.431926 
t 0.172496 0.029741 0.431926 0.172496 0.029741 0.444891 0.193910 0.027361 0.444891 
t 0.172496 0.029741 0.444891 0.193910 0.027361 0.444891 0.193910 0.027361 0.431926 
t 0.193910 0.027361 0.431926 0.193910 0.027361 0.444891 0.199263 0.000000 0.444891 
t 0.193910 0.027361 0.444891 0.199263 0.000000 0.444891 0.199263 0.000000 0.431926 
t 0.199263 0.000000 0.431926 0.199263 0.000000 0.444891 0.193315 -0.026172 0.444891 
t 0.199263 0.000000 0.444891 0.193315 -0.026172 0.444891 0.193315 -0.026172 0.431926 
t 0.193315 -0.026172 0.431926 0.193315 -0.026172 0.444891 0.173091 -0.029741 0.444891 
t 0.193315 -0.026172 0.444891 0.173091 -0.029741 0.444891 0.173091 -0.029741 0.431926 
t 0.173091 -0.029741 0.431926 0.173091 -0.029741 0.444891 0.132644 -0.020224 0.444891 
t 0.173091 -0.029741 0.444891 0.132644 -0.020224 0.444891 0.132644 -0.020224 0.431926 
t 0.132644 -0.020224 0.431926 0.132644 -0.020224 0.444891 0.071973 -0.015465 0.444891 
t 0.132644 -0.020224 0.444891 0.071973 -0.015465 0.444891 0.071973 -0.015465 0.431926 
t 0.071973 -0.015465 0.431926 0.071973 -0.015465 0.444891 -0.000595 -0.010707 0.444891 
t 0.071973 -0.015465 0.444891 -0.000595 -0.010707 0.444891 -0.000595 -0.010707 0.431926 
t 0.000000 0.165662 0.196248 0.001825 0.164744 0.184728 0.000000 0.164744 0.184585 
t 0.000000 0.165662 0.196248 0.003604 0.164744 0.185155 0.001825 0.164744 0.184728 
t 0.000000 0.165662 0.196248 0.005295 0.164744 0.185856 0.003604 0.164744 0.185155 
t 0.000000 0.165662 0.196248 0.006856 0.164744 0.186812 0.005295 0.164744 0.185856 
t 0.000000 0.165662 0.196248 0.008247 0.164744 0.188001 0.006856 0.164744 0.186812 
t 0.000000 0.165662 0.196248 0.009436 0.164744 0.189392 0.008247 0.164744 0.188001 
t 0.000000 0.165662 0.196248 0.010392 0.164744 0.190953 0.009436 0.164744 0.189392 
t 0.000000 0.165662 0.196248 0.011093 0.164744 0.192644 0.010392 0.164744 0.190953 
t 0.000000 0.165662 0.196248 0.011520 0.164744 0.194423 0.011093 0.164744 0.192644 
t 0.000000 0.165662 0.196248 0.011663 0.164744 0.196248 0.011520 0.164744 0.194423 
t 0.000000 0.165662 0.196248 0.011520 0.164744 0.198072 0.011663 0.164744 0.196248 
t 0.000000 0.165662 0.196248 0.011093 0.164744 0.199852 0.011520 0.164744 0.198072 
t 0.000000 0.165662 0.196248 0.010392 0.164744 0.201543 0.011093 0.164744 0.199852 
t 0.000000 0.165662 0.196248 0.009436 0.164744 0.203104 0.010392 0.164744 0.201543 
t 0.000000 0.165662 0.196248 0.008247 0.164744 0.204495 0.009436 0.164744 0.203104 
t 0.000000 0.165662 0.196248 0.006856 0.164744 0.205684 0.008247 0.164744 0.204495 
t 0.000000 0.165662 0.196248 0.005295 0.164744 0.206640 0.006856 0.164744 0.205684 
t 0.000000 0.165662 0.196248 0.003604 0.164744 0.207341 0.005295 0.164744 0.206640 
t 0.000000 0.165662 0.196248 0.001825 0.164744 0.207768 0.003604 0.164744 0.207341 
t 0.000000 0.165662 0.196248 0.000000 0.164744 0.207911 0.001825 0.164744 0.207768 
t 0.000000 0.165662 0.196248 -0.001825 0.164744 0.207768 0.000000 0.164744 0.207911 
t 0.000000 0.165662 0.196248 -0.003604 0.164744 0.207341 -0.001825 0.164744 0.207768 
t 0.000000 0.165662 0.196248 -0.005295 0.164744 0.206640 -0.003604 0.164744 0.207341 
t 0.000000 0.165662 0.196248 -0.006856 0.164744 0.205684 -0.005295 0.164744 0.206640 
t 0.000000 0.165662 0.196248 -0.008247 0.164744 0.204495 -0.006856 0.164744 0.205684 
t 0.000000 0.165662 0.196248 -0.009436 0.164744 0.203104 -0.008247 0.164744 0.204495 
t 0.000000 0.165662 0.196248 -0.010392 0.164744 0.201543 -0.009436 0.164744 0.203104 
t 0.000000 0.165662 0.196248 -0.011093 0.164744 0.199852 -0.010392 0.164744 0.201543 
t 0.000000 0.165662 0.196248 -0.011520 0.164744 0.198073 -0.011093 0.164744 0.199852 
t 0.000000 0.165662 0.196248 -0.011663 0.164744 0.196248 -0.011520 0.164744 0.198073 
t 0.000000 0.165662 0.196248 -0.011520 0.164744 0.194423 -0.011663 0.164744 0.196248 
t 0.000000 0.165662 0.196248 -0.011093 0.164744 0.192644 -0.011520 0.164744 0.194423 
t 0.000000 0.165662 0.196248 -0.010392 0.164744 0.190953 -0.011093 0.164744 0.192644 
t 0.000000 0.165662 0.196248 -0.009436 0.164744 0.189392 -0.010392 0.164744 0.190953 
t 0.000000 0.165662 0.196248 -0.008247 0.164744 0.188001 -0.009436 0.164744 0.189392 
t 0.000000 0.165662 0.196248 -0.006856 0.164744 0.186812 -0.008247 0.164744 0.188001 
t 0.000000 0.165662 0.196248 -0.005295 0.164744 0.185856 -0.006856 0.164744 0.186812 
t 0.000000 0.165662 0.196248 -0.003604 0.164744 0.185155 -0.005295 0.164744 0.185856 
t 0.000000 0.165662 0.196248 -0.001825 0.164744 0.184728 -0.003604 0.164744 0.185155 
t 0.000000 0.165662 0.196248 0.000000 0.164744 0.184585 -0.001825 0.164744 0.184728 
t 0.001825 0.164744 0.184728 0.003604 0.162013 0.173492 0.000000 0.162013 0.173208 
t 0.003604 0.162013 0.173492 0.000000 0.162013 0.173208 0.000000 0.164744 0.184585 
t 0.003604 0.164744 0.185155 0.007120 0.162013 0.174336 0.003604 0.162013 0.173492 
t 0.007120 0.162013 0.174336 0.003604 0.162013 0.173492 0.001825 0.164744 0.184728 
t 0.005295 0.164744 0.185856 0.010460 0.162013 0.175719 0.007120 0.162013 0.174336 
t 0.010460 0.162013 0.175719 0.007120 0.162013 0.174336 0.003604 0.164744 0.185155 
t 0.006856 0.164744 0.186812 0.013542 0.162013 0.177608 0.010460 0.162013 0.175719 
t 0.013542 0.162013 0.177608 0.010460 0.162013 0.175719 0.005295 0.164744 0.185856 
t 0.008247 0.164744 0.188001 0.016292 0.162013 0.179956 0.013542 0.162013 0.177608 
t 0.016292 0.162013 0.179956 0.013542 0.162013 0.177608 0.006856 0.164744 0.186812 
t 0.009436 0.164744 0.189392 0.018639 0.162013 0.182706 0.016292 0.162013 0.179956 
t 0.018639 0.162013 0.182706 0.016292 0.162013 0.179956 0.008247 0.164744 0.188001 
t 0.010392 0.164744 0.190953 0.020528 0.162013 0.185788 0.018639 0.162013 0.182706 
t 0.020528 0.162013 0.185788 0.018639 0.162013 0.182706 0.009436 0.164744 0.189392 
t 0.011093 0.164744 0.192644 0.021912 0.162013 0.189128 0.020528 0.162013 0.185788 
t 0.021912 0.162013 0.189128 0.020528 0.162013 0.185788 0.010392 0.164744 0.190953 
t 0.011520 0.164744 0.194423 0.022756 0.162013 0.192644 0.021912 0.162013 0.189128 
t 0.022756 0.162013 0.192644 0.021912 0.162013 0.189128 0.011093 0.164744 0.192644 
t 0.011663 0.164744 0.196248 0.023040 0.162013 0.196248 0.022756 0.162013 0.192644 
t 0.023040 0.162013 0.196248 0.022756 0.162013 0.192644 0.011520 0.164744 0.194423 
t 0.011520 0.164744 0.198072 0.022756 0.162013 0.199852 0.023040 0.162013 0.196248 
t 0.022756 0.162013 0.199852 0.023040 0.162013 0.196248 0.011663 0.164744 0.196248 
t 0.011093 0.164744 0.199852 0.021912 0.162013 0.203368 0.022756 0.162013 0.199852 
t 0.021912 0.162013 0.203368 0.022756 0.162013 0.199852 0.011520 0.164744 0.198072 
t 0.010392 0.164744 0.201543 0.020528 0.162013 0.206708 0.021912 0.162013 0.203368 
t 0.020528 0.162013 0.206708 0.021912 0.162013 0.203368 0.011093 0.164744 0.199852 
t 0.009436 0.164744 0.203104 0.018639 0.162013 0.209790 0.020528 0.162013 0.206708 
t 0.018639 0.162013 0.209790 0.020528 0.162013 0.206708 0.010392 0.164744 0.201543 
t 0.008247 0.164744 0.204495 0.016292 0.162013 0.212539 0.018639 0.162013 0.209790 
t 0.016292 0.162013 0.212539 0.018639 0.162013 0.209790 0.009436 0.164744 0.203104 
t 0.006856 0.164744 0.205684 0.013542 0.162013 0.214888 0.016292 0.162013 0.212539 
t 0.013542 0.162013 0.214888 0.016292 0.162013 0.212539 0.008247 0.164744 0.204495 
t 0.005295 0.164744 0.206640 0.010460 0.162013 0.216777 0.013542 0.162013 0.214888 
t 0.010460 0.162013 0.216777 0.013542 0.162013 0.214888 0.006856 0.164744 0.205684 
t 0.003604 0.164744 0.207341 0.007120 0.162013 0.218160 0.010460 0.162013 0.216777 
t 0.007120 0.162013 0.218160 0.010460 0.162013 0.216777 0.005295 0.164744 0.206640 
t 0.001825 0.164744 0.207768 0.003604 0.162013 0.219004 0.007120 0.162013 0.218160 
t 0.003604 0.162013 0.219004 0.007120 0.162013 0.218160 0.003604 0.164744 0.207341 
t 0.000000 0.164744 0.207911 0.000000 0.162013 0.219288 0.003604 0.162013 0.219004 
t 0.000000 0.162013 0.219288 0.003604 0.162013 0.219004 0.001825 0.164744 0.207768 
t -0.001825 0.164744 0.207768 -0.003604 0.162013 0.219004 0.000000 0.162013 0.219288 
t -0.003604 0.162013 0.219004 0.000000 0.162013 0.219288 0.000000 0.164744 0.207911 
t -0.003604 0.164744 0.207341 -0.007120 0.162013 0.218160 -0.003604 0.162013 0.219004 
t -0.007120 0.162013 0.218160 -0.003604 0.162013 0.219004 -0.001825 0.164744 0.207768 
t -0.005295 0.164744 0.206640 -0.010460 0.162013 0.216777 -0.007120 0.162013 0.218160 
t -0.010460 0.162013 0.216777 -0.007120 0.162013 0.218160 -0.003604 0.164744 0.207341 
t -0.006856 0.164744 0.205684 -0.013542 0.162013 0.214888 -0.010460 0.162013 0.216777 
t -0.013542 0.162013 0.214888 -0.010460 0.162013 0.216777 -0.005295 0.164744 0.206640 
t -0.008247 0.164744 0.204495 -0.016292 0.162013 0.212540 -0.013542 0.162013 0.214888 
t -0.016292 0.162013 0.212540 -0.013542 0.162013 0.214888 -0.006856 0.164744 0.205684 
t -0.009436 0.164744 0.203104 -0.018639 0.162013 0.209790 -0.016292 0.162013 0.212540 
t -0.018639 0.162013 0.209790 -0.016292 0.162013 0.212540 -0.008247 0.164744 0.204495 
t -0.010392 0.164744 0.201543 -0.020528 0.162013 0.206708 -0.018639 0.162013 0.209790 
t -0.020528 0.162013 0.206708 -0.018639 0.162013 0.209790 -0.009436 0.164744 0.203104 
t -0.011093 0.164744 0.199852 -0.021912 0.162013 0.203368 -0.020528 0.162013 0.206708 
t -0.021912 0.162013 0.203368 -0.020528 0.162013 0.206708 -0.010392 0.164744 0.201543 
t -0.011520 0.164744 0.198073 -0.022756 0.162013 0.199852 -0.021912 0.162013 0.203368 
t -0.022756 0.162013 0.199852 -0.021912 0.162013 0.203368 -0.011093 0.164744 0.199852 
t -0.011663 0.164744 0.196248 -0.023040 0.162013 0.196248 -0.022756 0.162013 0.199852 
t -0.023040 0.162013 0.196248 -0.022756 0.162013 0.199852 -0.011520 0.164744 0.198073 
t -0.011520 0.164744 0.194423 -0.022756 0.162013 0.192644 -0.023040 0.162013 0.196248 
t -0.022756 0.162013 0.192644 -0.023040 0.162013 0.196248 -0.011663 0.164744 0.196248 
t -0.011093 0.164744 0.192644 -0.021912 0.162013 0.189128 -0.022756 0.162013 0.192644 
t -0.021912 0.162013 0.189128 -0.022756 0.162013 0.192644 -0.011520 0.164744 0.194423 
t -0.010392 0.164744 0.190953 -0.020528 0.162013 0.185788 -0.021912 0.162013 0.189128 
t -0.020528 0.162013 0.185788 -0.021912 0.162013 0.189128 -0.011093 0.164744 0.192644 
t -0.009436 0.164744 0.189392 -0.018640 0.162013 0.182706 -0.020528 0.162013 0.185788 
t -0.018640 0.162013 0.182706 -0.020528 0.162013 0.185788 -0.010392 0.164744 0.190953 
t -0.008247 0.164744 0.188001 -0.016292 0.162013 0.179956 -0.018640 0.162013 0.182706 
t -0.016292 0.162013 0.179956 -0.018640 0.162013 0.182706 -0.009436 0.164744 0.189392 
t -0.006856 0.164744 0.186812 -0.013542 0.162013 0.177608 -0.016292 0.162013 0.179956 
t -0.013542 0.162013 0.177608 -0.016292 0.162013 0.179956 -0.008247 0.164744 0.188001 
t -0.005295 0.164744 0.185856 -0.010460 0.162013 0.175719 -0.013542 0.162013 0.177608 
t -0.010460 0.162013 0.175719 -0.013542 0.162013 0.177608 -0.006856 0.164744 0.186812 
t -0.003604 0.164744 0.185155 -0.007120 0.162013 0.174336 -0.010460 0.162013 0.175719 
t -0.007120 0.162013 0.174336 -0.010460 0.162013 0.175719 -0.005295 0.164744 0.185856 
t -0.001825 0.164744 0.184728 -0.003604 0.162013 0.173492 -0.007120 0.162013 0.174336 
t -0.003604 0.162013 0.173492 -0.007120 0.162013 0.174336 -0.003604 0.164744 0.185155 
t 0.000000 0.164744 0.184585 0.000000 0.162013 0.173208 -0.003604 0.162013 0.173492 
t 0.000000 0.162013 0.173208 -0.003604 0.162013 0.173492 -0.001825 0.164744 0.184728 
t 0.003604 0.162013 0.173492 0.005295 0.157536 0.162816 0.000000 0.157536 0.162399 
t 0.005295 0.157536 0.162816 0.000000 0.157536 0.162399 0.000000 0.162013 0.173208 
t 0.007120 0.162013 0.174336 0.010460 0.157536 0.164056 0.005295 0.157536 0.162816 
t 0.010460 0.157536 0.164056 0.005295 0.157536 0.162816 0.003604 0.162013 0.173492 
t 0.010460 0.162013 0.175719 0.015367 0.157536 0.166089 0.010460 0.157536 0.164056 
t 0.015367 0.157536 0.166089 0.010460 0.157536 0.164056 0.007120 0.162013 0.174336 
t 0.013542 0.162013 0.177608 0.019896 0.157536 0.168864 0.015367 0.157536 0.166089 
t 0.019896 0.157536 0.168864 0.015367 0.157536 0.166089 0.010460 0.162013 0.175719 
t 0.016292 0.162013 0.179956 0.023935 0.157536 0.172313 0.019896 0.157536 0.168864 
t 0.023935 0.157536 0.172313 0.019896 0.157536 0.168864 0.013542 0.162013 0.177608 
t 0.018639 0.162013 0.182706 0.027384 0.157536 0.176352 0.023935 0.157536 0.172313 
t 0.027384 0.157536 0.176352 0.023935 0.157536 0.172313 0.016292 0.162013 0.179956 
t 0.020528 0.162013 0.185788 0.030159 0.157536 0.180881 0.027384 0.157536 0.176352 
t 0.030159 0.157536 0.180881 0.027384 0.157536 0.176352 0.018639 0.162013 0.182706 
t 0.021912 0.162013 0.189128 0.032192 0.157536 0.185788 0.030159 0.157536 0.180881 
t 0.032192 0.157536 0.185788 0.030159 0.157536 0.180881 0.020528 0.162013 0.185788 
t 0.022756 0.162013 0.192644 0.033432 0.157536 0.190953 0.032192 0.157536 0.185788 
t 0.033432 0.157536 0.190953 0.032192 0.157536 0.185788 0.021912 0.162013 0.189128 
t 0.023040 0.162013 0.196248 0.033849 0.157536 0.196248 0.033432 0.157536 0.190953 
t 0.033849 0.157536 0.196248 0.033432 0.157536 0.190953 0.022756 0.162013 0.192644 
t 0.022756 0.162013 0.199852 0.033432 0.157536 0.201543 0.033849 0.157536 0.196248 
t 0.033432 0.157536 0.201543 0.033849 0.157536 0.196248 0.023040 0.162013 0.196248 
t 0.021912 0.162013 0.203368 0.032192 0.157536 0.206708 0.033432 0.157536 0.201543 
t 0.032192 0.157536 0.206708 0.033432 0.157536 0.201543 0.022756 0.162013 0.199852 
t 0.020528 0.162013 0.206708 0.030159 0.157536 0.211615 0.032192 0.157536 0.206708 
t 0.030159 0.157536 0.211615 0.032192 0.157536 0.206708 0.021912 0.162013 0.203368 
t 0.018639 0.162013 0.209790 0.027384 0.157536 0.216144 0.030159 0.157536 0.211615 
t 0.027384 0.157536 0.216144 0.030159 0.157536 0.211615 0.020528 0.162013 0.206708 
t 0.016292 0.162013 0.212539 0.023935 0.157536 0.220183 0.027384 0.157536 0.216144 
t 0.023935 0.157536 0.220183 0.027384 0.157536 0.216144 0.018639 0.162013 0.209790 
t 0.013542 0.162013 0.214888 0.019896 0.157536 0.223632 0.023935 0.157536 0.220183 
t 0.019896 0.157536 0.223632 0.023935 0.157536 0.220183 0.016292 0.162013 0.212539 
t 0.010460 0.162013 0.216777 0.015367 0.157536 0.226407 0.019896 0.157536 0.223632 
t 0.015367 0.157536 0.226407 0.019896 0.157536 0.223632 0.013542 0.162013 0.214888 
t 0.007120 0.162013 0.218160 0.010460 0.157536 0.228440 0.015367 0.157536 0.226407 
t 0.010460 0.157536 0.228440 0.015367 0.157536 0.226407 0.010460 0.162013 0.216777 
t 0.003604 0.162013 0.219004 0.005295 0.157536 0.229680 0.010460 0.157536 0.228440 
t 0.005295 0.157536 0.229680 0.010460 0.157536 0.228440 0.007120 0.162013 0.218160 
t 0.000000 0.162013 0.219288 0.000000 0.157536 0.230097 0.005295 0.157536 0.229680 
t 0.000000 0.157536 0.230097 0.005295 0.157536 0.229680 0.003604 0.162013 0.219004 
t -0.003604 0.162013 0.219004 -0.005295 0.157536 0.229680 0.000000 0.157536 0.230097 
t -0.005295 0.157536 0.229680 0.000000 0.157536 0.230097 0.000000 0.162013 0.219288 
t -0.007120 0.162013 0.218160 -0.010460 0.157536 0.228440 -0.005295 0.157536 0.229680 
t -0.010460 0.157536 0.228440 -0.005295 0.157536 0.229680 -0.003604 0.162013 0.219004 
t -0.010460 0.162013 0.216777 -0.015367 0.157536 0.226407 -0.010460 0.157536 0.228440 
t -0.015367 0.157536 0.226407 -0.010460 0.157536 0.228440 -0.007120 0.162013 0.218160 
t -0.013542 0.162013 0.214888 -0.019896 0.157536 0.223632 -0.015367 0.157536 0.226407 
t -0.019896 0.157536 0.223632 -0.015367 0.157536 0.226407 -0.010460 0.162013 0.216777 
t -0.016292 0.162013 0.212540 -0.023935 0.157536 0.220183 -0.019896 0.157536 0.223632 
t -0.023935 0.157536 0.220183 -0.019896 0.157536 0.223632 -0.013542 0.162013 0.214888 
t -0.018639 0.162013 0.209790 -0.027384 0.157536 0.216144 -0.023935 0.157536 0.220183 
t -0.027384 0.157536 0.216144 -0.023935 0.157536 0.220183 -0.016292 0.162013 0.212540 
t -0.020528 0.162013 0.206708 -0.030159 0.157536 0.211615 -0.027384 0.157536 0.216144 
t -0.030159 0.157536 0.211615 -0.027384 0.157536 0.216144 -0.018639 0.162013 0.209790 
t -0.021912 0.162013 0.203368 -0.032192 0.157536 0.206708 -0.030159 0.157536 0.211615 
t -0.032192 0.157536 0.206708 -0.030159 0.157536 0.211615 -0.020528 0.162013 0.206708 
t -0.022756 0.162013 0.199852 -0.033432 0.157536 0.201543 -0.032192 0.157536 0.206708 
t -0.033432 0.157536 0.201543 -0.032192 0.157536 0.206708 -0.021912 0.162013 0.203368 
t -0.023040 0.162013 0.196248 -0.033849 0.157536 0.196248 -0.033432 0.157536 0.201543 
t -0.033849 0.157536 0.196248 -0.033432 0.157536 0.201543 -0.022756 0.162013 0.199852 
t -0.022756 0.162013 0.192644 -0.033432 0.157536 0.190953 -0.033849 0.157536 0.196248 
t -0.033432 0.157536 0.190953 -0.033849 0.157536 0.196248 -0.023040 0.162013 0.196248 
t -0.021912 0.162013 0.189128 -0.032192 0.157536 0.185788 -0.033432 0.157536 0.190953 
t -0.032192 0.157536 0.185788 -0.033432 0.157536 0.190953 -0.022756 0.162013 0.192644 
t -0.020528 0.162013 0.185788 -0.030159 0.157536 0.180881 -0.032192 0.157536 0.185788 
t -0.030159 0.157536 0.180881 -0.032192 0.157536 0.185788 -0.021912 0.162013 0.189128 
t -0.018640 0.162013 0.182706 -0.027384 0.157536 0.176352 -0.030159 0.157536 0.180881 
t -0.027384 0.157536 0.176352 -0.030159 0.157536 0.180881 -0.020528 0.162013 0.185788 
t -0.016292 0.162013 0.179956 -0.023935 0.157536 0.172313 -0.027384 0.157536 0.176352 
t -0.023935 0.157536 0.172313 -0.027384 0.157536 0.176352 -0.018640 0.162013 0.182706 
t -0.013542 0.162013 0.177608 -0.019896 0.157536 0.168864 -0.023935 0.157536 0.172313 
t -0.019896 0.157536 0.168864 -0.023935 0.157536 0.172313 -0.016292 0.162013 0.179956 
t -0.010460 0.162013 0.175719 -0.015367 0.157536 0.166089 -0.019896 0.157536 0.168864 
t -0.015367 0.157536 0.166089 -0.019896 0.157536 0.168864 -0.013542 0.162013 0.177608 
t -0.007120 0.162013 0.174336 -0.010460 0.157536 0.164056 -0.015367 0.157536 0.166089 
t -0.010460 0.157536 0.164056 -0.015367 0.157536 0.166089 -0.010460 0.162013 0.175719 
t -0.003604 0.162013 0.173492 -0.005295 0.157536 0.162816 -0.010460 0.157536 0.164056 
t -0.005295 0.157536 0.162816 -0.010460 0.157536 0.164056 -0.007120 0.162013 0.174336 
t 0.000000 0.162013 0.173208 0.000000 0.157536 0.162399 -0.005295 0.157536 0.162816 
t 0.000000 0.157536 0.162399 -0.005295 0.157536 0.162816 -0.003604 0.162013 0.173492 
t 0.005295 0.157536 0.162816 0.006856 0.151423 0.152963 0.000000 0.151423 0.152424 
t 0.006856 0.151423 0.152963 0.000000 0.151423 0.152424 0.000000 0.157536 0.162399 
t 0.010460 0.157536 0.164056 0.013542 0.151423 0.154569 0.006856 0.151423 0.152963 
t 0.013542 0.151423 0.154569 0.006856 0.151423 0.152963 0.005295 0.157536 0.162816 
t 0.015367 0.157536 0.166089 0.019896 0.151423 0.157200 0.013542 0.151423 0.154569 
t 0.019896 0.151423 0.157200 0.013542 0.151423 0.154569 0.010460 0.157536 0.164056 
t 0.019896 0.157536 0.168864 0.025759 0.151423 0.160793 0.019896 0.151423 0.157200 
t 0.025759 0.151423 0.160793 0.019896 0.151423 0.157200 0.015367 0.157536 0.166089 
t 0.023935 0.157536 0.172313 0.030988 0.151423 0.165260 0.025759 0.151423 0.160793 
t 0.030988 0.151423 0.165260 0.025759 0.151423 0.160793 0.019896 0.157536 0.168864 
t 0.027384 0.157536 0.176352 0.035454 0.151423 0.170489 0.030988 0.151423 0.165260 
t 0.035454 0.151423 0.170489 0.030988 0.151423 0.165260 0.023935 0.157536 0.172313 
t 0.030159 0.157536 0.180881 0.039048 0.151423 0.176352 0.035454 0.151423 0.170489 
t 0.039048 0.151423 0.176352 0.035454 0.151423 0.170489 0.027384 0.157536 0.176352 
t 0.032192 0.157536 0.185788 0.041679 0.151423 0.182706 0.039048 0.151423 0.176352 
t 0.041679 0.151423 0.182706 0.039048 0.151423 0.176352 0.030159 0.157536 0.180881 
t 0.033432 0.157536 0.190953 0.043285 0.151423 0.189392 0.041679 0.151423 0.182706 
t 0.043285 0.151423 0.189392 0.041679 0.151423 0.182706 0.032192 0.157536 0.185788 
t 0.033849 0.157536 0.196248 0.043824 0.151423 0.196248 0.043285 0.151423 0.189392 
t 0.043824 0.151423 0.196248 0.043285 0.151423 0.189392 0.033432 0.157536 0.190953 
t 0.033432 0.157536 0.201543 0.043285 0.151423 0.203104 0.043824 0.151423 0.196248 
t 0.043285 0.151423 0.203104 0.043824 0.151423 0.196248 0.033849 0.157536 0.196248 
t 0.032192 0.157536 0.206708 0.041679 0.151423 0.209790 0.043285 0.151423 0.203104 
t 0.041679 0.151423 0.209790 0.043285 0.151423 0.203104 0.033432 0.157536 0.201543 
t 0.030159 0.157536 0.211615 0.039048 0.151423 0.216144 0.041679 0.151423 0.209790 
t 0.039048 0.151423 0.216144 0.041679 0.151423 0.209790 0.032192 0.157536 0.206708 
t 0.027384 0.157536 0.216144 0.035455 0.151423 0.222007 0.039048 0.151423 0.216144 
t 0.035455 0.151423 0.222007 0.039048 0.151423 0.216144 0.030159 0.157536 0.211615 
t 0.023935 0.157536 0.220183 0.030988 0.151423 0.227236 0.035455 0.151423 0.222007 
t 0.030988 0.151423 0.227236 0.035455 0.151423 0.222007 0.027384 0.157536 0.216144 
t 0.019896 0.157536 0.223632 0.025759 0.151423 0.231702 0.030988 0.151423 0.227236 
t 0.025759 0.151423 0.231702 0.030988 0.151423 0.227236 0.023935 0.157536 0.220183 
t 0.015367 0.157536 0.226407 0.019896 0.151423 0.235296 0.025759 0.151423 0.231702 
t 0.019896 0.151423 0.235296 0.025759 0.151423 0.231702 0.019896 0.157536 0.223632 
t 0.010460 0.157536 0.228440 0.013543 0.151423 0.237927 0.019896 0.151423 0.235296 
t 0.013543 0.151423 0.237927 0.019896 0.151423 0.235296 0.015367 0.157536 0.226407 
t 0.005295 0.157536 0.229680 0.006856 0.151423 0.239533 0.013543 0.151423 0.237927 
t 0.006856 0.151423 0.239533 0.013543 0.151423 0.237927 0.010460 0.157536 0.228440 
t 0.000000 0.157536 0.230097 0.000000 0.151423 0.240072 0.006856 0.151423 0.239533 
t 0.000000 0.151423 0.240072 0.006856 0.151423 0.239533 0.005295 0.157536 0.229680 
t -0.005295 0.157536 0.229680 -0.006856 0.151423 0.239533 0.000000 0.151423 0.240072 
t -0.006856 0.151423 0.239533 0.000000 0.151423 0.240072 0.000000 0.157536 0.230097 
t -0.010460 0.157536 0.228440 -0.013542 0.151423 0.237927 -0.006856 0.151423 0.239533 
t -0.013542 0.151423 0.237927 -0.006856 0.151423 0.239533 -0.005295 0.157536 0.229680 
t -0.015367 0.157536 0.226407 -0.019896 0.151423 0.235296 -0.013542 0.151423 0.237927 
t -0.019896 0.151423 0.235296 -0.013542 0.151423 0.237927 -0.010460 0.157536 0.228440 
t -0.019896 0.157536 0.223632 -0.025759 0.151423 0.231702 -0.019896 0.151423 0.235296 
t -0.025759 0.151423 0.231702 -0.019896 0.151423 0.235296 -0.015367 0.157536 0.226407 
t -0.023935 0.157536 0.220183 -0.030988 0.151423 0.227236 -0.025759 0.151423 0.231702 
t -0.030988 0.151423 0.227236 -0.025759 0.151423 0.231702 -0.019896 0.157536 0.223632 
t -0.027384 0.157536 0.216144 -0.035454 0.151423 0.222007 -0.030988 0.151423 0.227236 
t -0.035454 0.151423 0.222007 -0.030988 0.151423 0.227236 -0.023935 0.157536 0.220183 
t -0.030159 0.157536 0.211615 -0.039048 0.151423 0.216144 -0.035454 0.151423 0.222007 
t -0.039048 0.151423 0.216144 -0.035454 0.151423 0.222007 -0.027384 0.157536 0.216144 
t -0.032192 0.157536 0.206708 -0.041679 0.151423 0.209790 -0.039048 0.151423 0.216144 
t -0.041679 0.151423 0.209790 -0.039048 0.151423 0.216144 -0.030159 0.157536 0.211615 
t -0.033432 0.157536 0.201543 -0.043285 0.151423 0.203104 -0.041679 0.151423 0.209790 
t -0.043285 0.151423 0.203104 -0.041679 0.151423 0.209790 -0.032192 0.157536 0.206708 
t -0.033849 0.157536 0.196248 -0.043824 0.151423 0.196248 -0.043285 0.151423 0.203104 
t -0.043824 0.151423 0.196248 -0.043285 0.151423 0.203104 -0.033432 0.157536 0.201543 
t -0.033432 0.157536 0.190953 -0.043285 0.151423 0.189392 -0.043824 0.151423 0.196248 
t -0.043285 0.151423 0.189392 -0.043824 0.151423 0.196248 -0.033849 0.157536 0.196248 
t -0.032192 0.157536 0.185788 -0.041679 0.151423 0.182706 -0.043285 0.151423 0.189392 
t -0.041679 0.151423 0.182706 -0.043285 0.151423 0.189392 -0.033432 0.157536 0.190953 
t -0.030159 0.157536 0.180881 -0.039048 0.151423 0.176352 -0.041679 0.151423 0.182706 
t -0.039048 0.151423 0.176352 -0.041679 0.151423 0.182706 -0.032192 0.157536 0.185788 
t -0.027384 0.157536 0.176352 -0.035455 0.151423 0.170489 -0.039048 0.151423 0.176352 
t -0.035455 0.151423 0.170489 -0.039048 0.151423 0.176352 -0.030159 0.157536 0.180881 
t -0.023935 0.157536 0.172313 -0.030988 0.151423 0.165260 -0.035455 0.151423 0.170489 
t -0.030988 0.151423 0.165260 -0.035455 0.151423 0.170489 -0.027384 0.157536 0.176352 
t -0.019896 0.157536 0.168864 -0.025759 0.151423 0.160793 -0.030988 0.151423 0.165260 
t -0.025759 0.151423 0.160793 -0.030988 0.151423 0.165260 -0.023935 0.157536 0.172313 
t -0.015367 0.157536 0.166089 -0.019896 0.151423 0.157200 -0.025759 0.151423 0.160793 
t -0.019896 0.151423 0.157200 -0.025759 0.151423 0.160793 -0.019896 0.157536 0.168864 
t -0.010460 0.157536 0.164056 -0.013543 0.151423 0.154569 -0.019896 0.151423 0.157200 
t -0.013543 0.151423 0.154569 -0.019896 0.151423 0.157200 -0.015367 0.157536 0.166089 
t -0.005295 0.157536 0.162816 -0.006856 0.151423 0.152963 -0.013543 0.151423 0.154569 
t -0.006856 0.151423 0.152963 -0.013543 0.151423 0.154569 -0.010460 0.157536 0.164056 
t 0.000000 0.157536 0.162399 0.000000 0.151423 0.152424 -0.006856 0.151423 0.152963 
t 0.000000 0.151423 0.152424 -0.006856 0.151423 0.152963 -0.005295 0.157536 0.162816 
t 0.006856 0.151423 0.152963 0.008247 0.143825 0.144177 0.000000 0.143825 0.143527 
t 0.008247 0.143825 0.144177 0.000000 0.143825 0.143527 0.000000 0.151423 0.152424 
t 0.013542 0.151423 0.154569 0.016292 0.143825 0.146108 0.008247 0.143825 0.144177 
t 0.016292 0.143825 0.146108 0.008247 0.143825 0.144177 0.006856 0.151423 0.152963 
t 0.019896 0.151423 0.157200 0.023935 0.143825 0.149274 0.016292 0.143825 0.146108 
t 0.023935 0.143825 0.149274 0.016292 0.143825 0.146108 0.013542 0.151423 0.154569 
t 0.025759 0.151423 0.160793 0.030988 0.143825 0.153596 0.023935 0.143825 0.149274 
t 0.030988 0.143825 0.153596 0.023935 0.143825 0.149274 0.019896 0.151423 0.157200 
t 0.030988 0.151423 0.165260 0.037279 0.143825 0.158969 0.030988 0.143825 0.153596 
t 0.037279 0.143825 0.158969 0.030988 0.143825 0.153596 0.025759 0.151423 0.160793 
t 0.035454 0.151423 0.170489 0.042652 0.143825 0.165260 0.037279 0.143825 0.158969 
t 0.042652 0.143825 0.165260 0.037279 0.143825 0.158969 0.030988 0.151423 0.165260 
t 0.039048 0.151423 0.176352 0.046974 0.143825 0.172313 0.042652 0.143825 0.165260 
t 0.046974 0.143825 0.172313 0.042652 0.143825 0.165260 0.035454 0.151423 0.170489 
t 0.041679 0.151423 0.182706 0.050140 0.143825 0.179956 0.046974 0.143825 0.172313 
t 0.050140 0.143825 0.179956 0.046974 0.143825 0.172313 0.039048 0.151423 0.176352 
t 0.043285 0.151423 0.189392 0.052071 0.143825 0.188001 0.050140 0.143825 0.179956 
t 0.052071 0.143825 0.188001 0.050140 0.143825 0.179956 0.041679 0.151423 0.182706 
t 0.043824 0.151423 0.196248 0.052720 0.143825 0.196248 0.052071 0.143825 0.188001 
t 0.052720 0.143825 0.196248 0.052071 0.143825 0.188001 0.043285 0.151423 0.189392 
t 0.043285 0.151423 0.203104 0.052071 0.143825 0.204495 0.052720 0.143825 0.196248 
t 0.052071 0.143825 0.204495 0.052720 0.143825 0.196248 0.043824 0.151423 0.196248 
t 0.041679 0.151423 0.209790 0.050140 0.143825 0.212539 0.052071 0.143825 0.204495 
t 0.050140 0.143825 0.212539 0.052071 0.143825 0.204495 0.043285 0.151423 0.203104 
t 0.039048 0.151423 0.216144 0.046974 0.143825 0.220183 0.050140 0.143825 0.212539 
t 0.046974 0.143825 0.220183 0.050140 0.143825 0.212539 0.041679 0.151423 0.209790 
t 0.035455 0.151423 0.222007 0.042652 0.143825 0.227236 0.046974 0.143825 0.220183 
t 0.042652 0.143825 0.227236 0.046974 0.143825 0.220183 0.039048 0.151423 0.216144 
t 0.030988 0.151423 0.227236 0.037279 0.143825 0.233527 0.042652 0.143825 0.227236 
t 0.037279 0.143825 0.233527 0.042652 0.143825 0.227236 0.035455 0.151423 0.222007 
t 0.025759 0.151423 0.231702 0.030988 0.143825 0.238900 0.037279 0.143825 0.233527 
t 0.030988 0.143825 0.238900 0.037279 0.143825 0.233527 0.030988 0.151423 0.227236 
t 0.019896 0.151423 0.235296 0.023935 0.143825 0.243222 0.030988 0.143825 0.238900 
t 0.023935 0.143825 0.243222 0.030988 0.143825 0.238900 0.025759 0.151423 0.231702 
t 0.013543 0.151423 0.237927 0.016292 0.143825 0.246388 0.023935 0.143825 0.243222 
t 0.016292 0.143825 0.246388 0.023935 0.143825 0.243222 0.019896 0.151423 0.235296 
t 0.006856 0.151423 0.239533 0.008247 0.143825 0.248319 0.016292 0.143825 0.246388 
t 0.008247 0.143825 0.248319 0.016292 0.143825 0.246388 0.013543 0.151423 0.237927 
t 0.000000 0.151423 0.240072 0.000000 0.143825 0.248969 0.008247 0.143825 0.248319 
t 0.000000 0.143825 0.248969 0.008247 0.143825 0.248319 0.006856 0.151423 0.239533 
t -0.006856 0.151423 0.239533 -0.008247 0.143825 0.248319 0.000000 0.143825 0.248969 
t -0.008247 0.143825 0.248319 0.000000 0.143825 0.248969 0.000000 0.151423 0.240072 
t -0.013542 0.151423 0.237927 -0.016292 0.143825 0.246388 -0.008247 0.143825 0.248319 
t -0.016292 0.143825 0.246388 -0.008247 0.143825 0.248319 -0.006856 0.151423 0.239533 
t -0.019896 0.151423 0.235296 -0.023935 0.143825 0.243222 -0.016292 0.143825 0.246388 
t -0.023935 0.143825 0.243222 -0.016292 0.143825 0.246388 -0.013542 0.151423 0.237927 
t -0.025759 0.151423 0.231702 -0.030988 0.143825 0.238900 -0.023935 0.143825 0.243222 
t -0.030988 0.143825 0.238900 -0.023935 0.143825 0.243222 -0.019896 0.151423 0.235296 
t -0.030988 0.151423 0.227236 -0.037279 0.143825 0.233527 -0.030988 0.143825 0.238900 
t -0.037279 0.143825 0.233527 -0.030988 0.143825 0.238900 -0.025759 0.151423 0.231702 
t -0.035454 0.151423 0.222007 -0.042652 0.143825 0.227236 -0.037279 0.143825 0.233527 
t -0.042652 0.143825 0.227236 -0.037279 0.143825 0.233527 -0.030988 0.151423 0.227236 
t -0.039048 0.151423 0.216144 -0.046974 0.143825 0.220183 -0.042652 0.143825 0.227236 
t -0.046974 0.143825 0.220183 -0.042652 0.143825 0.227236 -0.035454 0.151423 0.222007 
t -0.041679 0.151423 0.209790 -0.050140 0.143825 0.212540 -0.046974 0.143825 0.220183 
t -0.050140 0.143825 0.212540 -0.046974 0.143825 0.220183 -0.039048 0.151423 0.216144 
t -0.043285 0.151423 0.203104 -0.052071 0.143825 0.204495 -0.050140 0.143825 0.212540 
t -0.052071 0.143825 0.204495 -0.050140 0.143825 0.212540 -0.041679 0.151423 0.209790 
t -0.043824 0.151423 0.196248 -0.052720 0.143825 0.196248 -0.052071 0.143825 0.204495 
t -0.052720 0.143825 0.196248 -0.052071 0.143825 0.204495 -0.043285 0.151423 0.203104 
t -0.043285 0.151423 0.189392 -0.052071 0.143825 0.188001 -0.052720 0.143825 0.196248 
t -0.052071 0.143825 0.188001 -0.052720 0.143825 0.196248 -0.043824 0.151423 0.196248 
t -0.041679 0.151423 0.182706 -0.050140 0.143825 0.179957 -0.052071 0.143825 0.188001 
t -0.050140 0.143825 0.179957 -0.052071 0.143825 0.188001 -0.043285 0.151423 0.189392 
t -0.039048 0.151423 0.176352 -0.046974 0.143825 0.172313 -0.050140 0.143825 0.179957 
t -0.046974 0.143825 0.172313 -0.050140 0.143825 0.179957 -0.041679 0.151423 0.182706 
t -0.035455 0.151423 0.170489 -0.042652 0.143825 0.165260 -0.046974 0.143825 0.172313 
t -0.042652 0.143825 0.165260 -0.046974 0.143825 0.172313 -0.039048 0.151423 0.176352 
t -0.030988 0.151423 0.165260 -0.037279 0.143825 0.158969 -0.042652 0.143825 0.165260 
t -0.037279 0.143825 0.158969 -0.042652 0.143825 0.165260 -0.035455 0.151423 0.170489 
t -0.025759 0.151423 0.160793 -0.030988 0.143825 0.153596 -0.037279 0.143825 0.158969 
t -0.030988 0.143825 0.153596 -0.037279 0.143825 0.158969 -0.030988 0.151423 0.165260 
t -0.019896 0.151423 0.157200 -0.023935 0.143825 0.149274 -0.030988 0.143825 0.153596 
t -0.023935 0.143825 0.149274 -0.030988 0.143825 0.153596 -0.025759 0.151423 0.160793 
t -0.013543 0.151423 0.154569 -0.016292 0.143825 0.146108 -0.023935 0.143825 0.149274 
t -0.016292 0.143825 0.146108 -0.023935 0.143825 0.149274 -0.019896 0.151423 0.157200 
t -0.006856 0.151423 0.152963 -0.008247 0.143825 0.144177 -0.016292 0.143825 0.146108 
t -0.008247 0.143825 0.144177 -0.016292 0.143825 0.146108 -0.013543 0.151423 0.154569 
t 0.000000 0.151423 0.152424 0.000000 0.143825 0.143527 -0.008247 0.143825 0.144177 
t 0.000000 0.143825 0.143527 -0.008247 0.143825 0.144177 -0.006856 0.151423 0.152963 
t 0.008247 0.143825 0.144177 0.009436 0.134928 0.136672 0.000000 0.134928 0.135929 
t 0.009436 0.134928 0.136672 0.000000 0.134928 0.135929 0.000000 0.143825 0.143527 
t 0.016292 0.143825 0.146108 0.018639 0.134928 0.138881 0.009436 0.134928 0.136672 
t 0.018639 0.134928 0.138881 0.009436 0.134928 0.136672 0.008247 0.143825 0.144177 
t 0.023935 0.143825 0.149274 0.027384 0.134928 0.142504 0.018639 0.134928 0.138881 
t 0.027384 0.134928 0.142504 0.018639 0.134928 0.138881 0.016292 0.143825 0.146108 
t 0.030988 0.143825 0.153596 0.035454 0.134928 0.147449 0.027384 0.134928 0.142504 
t 0.035454 0.134928 0.147449 0.027384 0.134928 0.142504 0.023935 0.143825 0.149274 
t 0.037279 0.143825 0.158969 0.042652 0.134928 0.153596 0.035454 0.134928 0.147449 
t 0.042652 0.134928 0.153596 0.035454 0.134928 0.147449 0.030988 0.143825 0.153596 
t 0.042652 0.143825 0.165260 0.048799 0.134928 0.160793 0.042652 0.134928 0.153596 
t 0.048799 0.134928 0.160793 0.042652 0.134928 0.153596 0.037279 0.143825 0.158969 
t 0.046974 0.143825 0.172313 0.053744 0.134928 0.168864 0.048799 0.134928 0.160793 
t 0.053744 0.134928 0.168864 0.048799 0.134928 0.160793 0.042652 0.143825 0.165260 
t 0.050140 0.143825 0.179956 0.057367 0.134928 0.177608 0.053744 0.134928 0.168864 
t 0.057367 0.134928 0.177608 0.053744 0.134928 0.168864 0.046974 0.143825 0.172313 
t 0.052071 0.143825 0.188001 0.059576 0.134928 0.186812 0.057367 0.134928 0.177608 
t 0.059576 0.134928 0.186812 0.057367 0.134928 0.177608 0.050140 0.143825 0.179956 
t 0.052720 0.143825 0.196248 0.060319 0.134928 0.196248 0.059576 0.134928 0.186812 
t 0.060319 0.134928 0.196248 0.059576 0.134928 0.186812 0.052071 0.143825 0.188001 
t 0.052071 0.143825 0.204495 0.059576 0.134928 0.205684 0.060319 0.134928 0.196248 
t 0.059576 0.134928 0.205684 0.060319 0.134928 0.196248 0.052720 0.143825 0.196248 
t 0.050140 0.143825 0.212539 0.057367 0.134928 0.214887 0.059576 0.134928 0.205684 
t 0.057367 0.134928 0.214887 0.059576 0.134928 0.205684 0.052071 0.143825 0.204495 
t 0.046974 0.143825 0.220183 0.053744 0.134928 0.223632 0.057367 0.134928 0.214887 
t 0.053744 0.134928 0.223632 0.057367 0.134928 0.214887 0.050140 0.143825 0.212539 
t 0.042652 0.143825 0.227236 0.048799 0.134928 0.231702 0.053744 0.134928 0.223632 
t 0.048799 0.134928 0.231702 0.053744 0.134928 0.223632 0.046974 0.143825 0.220183 
t 0.037279 0.143825 0.233527 0.042652 0.134928 0.238900 0.048799 0.134928 0.231702 
t 0.042652 0.134928 0.238900 0.048799 0.134928 0.231702 0.042652 0.143825 0.227236 
t 0.030988 0.143825 0.238900 0.035455 0.134928 0.245047 0.042652 0.134928 0.238900 
t 0.035455 0.134928 0.245047 0.042652 0.134928 0.238900 0.037279 0.143825 0.233527 
t 0.023935 0.143825 0.243222 0.027384 0.134928 0.249992 0.035455 0.134928 0.245047 
t 0.027384 0.134928 0.249992 0.035455 0.134928 0.245047 0.030988 0.143825 0.238900 
t 0.016292 0.143825 0.246388 0.018640 0.134928 0.253614 0.027384 0.134928 0.249992 
t 0.018640 0.134928 0.253614 0.027384 0.134928 0.249992 0.023935 0.143825 0.243222 
t 0.008247 0.143825 0.248319 0.009436 0.134928 0.255824 0.018640 0.134928 0.253614 
t 0.009436 0.134928 0.255824 0.018640 0.134928 0.253614 0.016292 0.143825 0.246388 
t 0.000000 0.143825 0.248969 0.000000 0.134928 0.256567 0.009436 0.134928 0.255824 
t 0.000000 0.134928 0.256567 0.009436 0.134928 0.255824 0.008247 0.143825 0.248319 
t -0.008247 0.143825 0.248319 -0.009436 0.134928 0.255824 0.000000 0.134928 0.256567 
t -0.009436 0.134928 0.255824 0.000000 0.134928 0.256567 0.000000 0.143825 0.248969 
t -0.016292 0.143825 0.246388 -0.018639 0.134928 0.253614 -0.009436 0.134928 0.255824 
t -0.018639 0.134928 0.253614 -0.009436 0.134928 0.255824 -0.008247 0.143825 0.248319 
t -0.023935 0.143825 0.243222 -0.027384 0.134928 0.249992 -0.018639 0.134928 0.253614 
t -0.027384 0.134928 0.249992 -0.018639 0.134928 0.253614 -0.016292 0.143825 0.246388 
t -0.030988 0.143825 0.238900 -0.035454 0.134928 0.245047 -0.027384 0.134928 0.249992 
t -0.035454 0.134928 0.245047 -0.027384 0.134928 0.249992 -0.023935 0.143825 0.243222 
t -0.037279 0.143825 0.233527 -0.042652 0.134928 0.238900 -0.035454 0.134928 0.245047 
t -0.042652 0.134928 0.238900 -0.035454 0.134928 0.245047 -0.030988 0.143825 0.238900 
t -0.042652 0.143825 0.227236 -0.048799 0.134928 0.231702 -0.042652 0.134928 0.238900 
t -0.048799 0.134928 0.231702 -0.042652 0.134928 0.238900 -0.037279 0.143825 0.233527 
t -0.046974 0.143825 0.220183 -0.053744 0.134928 0.223632 -0.048799 0.134928 0.231702 
t -0.053744 0.134928 0.223632 -0.048799 0.134928 0.231702 -0.042652 0.143825 0.227236 
t -0.050140 0.143825 0.212540 -0.057367 0.134928 0.214888 -0.053744 0.134928 0.223632 
t -0.057367 0.134928 0.214888 -0.053744 0.134928 0.223632 -0.046974 0.143825 0.220183 
t -0.052071 0.143825 0.204495 -0.059576 0.134928 0.205684 -0.057367 0.134928 0.214888 
t -0.059576 0.134928 0.205684 -0.057367 0.134928 0.214888 -0.050140 0.143825 0.212540 
t -0.052720 0.143825 0.196248 -0.060319 0.134928 0.196248 -0.059576 0.134928 0.205684 
t -0.060319 0.134928 0.196248 -0.059576 0.134928 0.205684 -0.052071 0.143825 0.204495 
t -0.052071 0.143825 0.188001 -0.059576 0.134928 0.186812 -0.060319 0.134928 0.196248 
t -0.059576 0.134928 0.186812 -0.060319 0.134928 0.196248 -0.052720 0.143825 0.196248 
t -0.050140 0.143825 0.179957 -0.057367 0.134928 0.177609 -0.059576 0.134928 0.186812 
t -0.057367 0.134928 0.177609 -0.059576 0.134928 0.186812 -0.052071 0.143825 0.188001 
t -0.046974 0.143825 0.172313 -0.053745 0.134928 0.168864 -0.057367 0.134928 0.177609 
t -0.053745 0.134928 0.168864 -0.057367 0.134928 0.177609 -0.050140 0.143825 0.179957 
t -0.042652 0.143825 0.165260 -0.048799 0.134928 0.160794 -0.053745 0.134928 0.168864 
t -0.048799 0.134928 0.160794 -0.053745 0.134928 0.168864 -0.046974 0.143825 0.172313 
t -0.037279 0.143825 0.158969 -0.042652 0.134928 0.153596 -0.048799 0.134928 0.160794 
t -0.042652 0.134928 0.153596 -0.048799 0.134928 0.160794 -0.042652 0.143825 0.165260 
t -0.030988 0.143825 0.153596 -0.035455 0.134928 0.147449 -0.042652 0.134928 0.153596 
t -0.035455 0.134928 0.147449 -0.042652 0.134928 0.153596 -0.037279 0.143825 0.158969 
t -0.023935 0.143825 0.149274 -0.027384 0.134928 0.142504 -0.035455 0.134928 0.147449 
t -0.027384 0.134928 0.142504 -0.035455 0.134928 0.147449 -0.030988 0.143825 0.153596 
t -0.016292 0.143825 0.146108 -0.018640 0.134928 0.138881 -0.027384 0.134928 0.142504 
t -0.018640 0.134928 0.138881 -0.027384 0.134928 0.142504 -0.023935 0.143825 0.149274 
t -0.008247 0.143825 0.144177 -0.009436 0.134928 0.136672 -0.018640 0.134928 0.138881 
t -0.009436 0.134928 0.136672 -0.018640 0.134928 0.138881 -0.016292 0.143825 0.146108 
t 0.000000 0.143825 0.143527 0.000000 0.134928 0.135929 -0.009436 0.134928 0.136672 
t 0.000000 0.134928 0.135929 -0.009436 0.134928 0.136672 -0.008247 0.143825 0.144177 
t 0.009436 0.134928 0.136672 0.010392 0.124953 0.130634 0.000000 0.124953 0.129816 
t 0.010392 0.124953 0.130634 0.000000 0.124953 0.129816 0.000000 0.134928 0.135929 
t 0.018639 0.134928 0.138881 0.020528 0.124953 0.133068 0.010392 0.124953 0.130634 
t 0.020528 0.124953 0.133068 0.010392 0.124953 0.130634 0.009436 0.134928 0.136672 
t 0.027384 0.134928 0.142504 0.030159 0.124953 0.137057 0.020528 0.124953 0.133068 
t 0.030159 0.124953 0.137057 0.020528 0.124953 0.133068 0.018639 0.134928 0.138881 
t 0.035454 0.134928 0.147449 0.039048 0.124953 0.142504 0.030159 0.124953 0.137057 
t 0.039048 0.124953 0.142504 0.030159 0.124953 0.137057 0.027384 0.134928 0.142504 
t 0.042652 0.134928 0.153596 0.046974 0.124953 0.149274 0.039048 0.124953 0.142504 
t 0.046974 0.124953 0.149274 0.039048 0.124953 0.142504 0.035454 0.134928 0.147449 
t 0.048799 0.134928 0.160793 0.053744 0.124953 0.157200 0.046974 0.124953 0.149274 
t 0.053744 0.124953 0.157200 0.046974 0.124953 0.149274 0.042652 0.134928 0.153596 
t 0.053744 0.134928 0.168864 0.059191 0.124953 0.166089 0.053744 0.124953 0.157200 
t 0.059191 0.124953 0.166089 0.053744 0.124953 0.157200 0.048799 0.134928 0.160793 
t 0.057367 0.134928 0.177608 0.063180 0.124953 0.175719 0.059191 0.124953 0.166089 
t 0.063180 0.124953 0.175719 0.059191 0.124953 0.166089 0.053744 0.134928 0.168864 
t 0.059576 0.134928 0.186812 0.065614 0.124953 0.185856 0.063180 0.124953 0.175719 
t 0.065614 0.124953 0.185856 0.063180 0.124953 0.175719 0.057367 0.134928 0.177608 
t 0.060319 0.134928 0.196248 0.066432 0.124953 0.196248 0.065614 0.124953 0.185856 
t 0.066432 0.124953 0.196248 0.065614 0.124953 0.185856 0.059576 0.134928 0.186812 
t 0.059576 0.134928 0.205684 0.065614 0.124953 0.206640 0.066432 0.124953 0.196248 
t 0.065614 0.124953 0.206640 0.066432 0.124953 0.196248 0.060319 0.134928 0.196248 
t 0.057367 0.134928 0.214887 0.063180 0.124953 0.216776 0.065614 0.124953 0.206640 
t 0.063180 0.124953 0.216776 0.065614 0.124953 0.206640 0.059576 0.134928 0.205684 
t 0.053744 0.134928 0.223632 0.059191 0.124953 0.226407 0.063180 0.124953 0.216776 
t 0.059191 0.124953 0.226407 0.063180 0.124953 0.216776 0.057367 0.134928 0.214887 
t 0.048799 0.134928 0.231702 0.053745 0.124953 0.235296 0.059191 0.124953 0.226407 
t 0.053745 0.124953 0.235296 0.059191 0.124953 0.226407 0.053744 0.134928 0.223632 
t 0.042652 0.134928 0.238900 0.046974 0.124953 0.243222 0.053745 0.124953 0.235296 
t 0.046974 0.124953 0.243222 0.053745 0.124953 0.235296 0.048799 0.134928 0.231702 
t 0.035455 0.134928 0.245047 0.039048 0.124953 0.249992 0.046974 0.124953 0.243222 
t 0.039048 0.124953 0.249992 0.046974 0.124953 0.243222 0.042652 0.134928 0.238900 
t 0.027384 0.134928 0.249992 0.030160 0.124953 0.255439 0.039048 0.124953 0.249992 
t 0.030160 0.124953 0.255439 0.039048 0.124953 0.249992 0.035455 0.134928 0.245047 
t 0.018640 0.134928 0.253614 0.020529 0.124953 0.259428 0.030160 0.124953 0.255439 
t 0.020529 0.124953 0.259428 0.030160 0.124953 0.255439 0.027384 0.134928 0.249992 
t 0.009436 0.134928 0.255824 0.010392 0.124953 0.261862 0.020529 0.124953 0.259428 
t 0.010392 0.124953 0.261862 0.020529 0.124953 0.259428 0.018640 0.134928 0.253614 
t 0.000000 0.134928 0.256567 0.000000 0.124953 0.262680 0.010392 0.124953 0.261862 
t 0.000000 0.124953 0.262680 0.010392 0.124953 0.261862 0.009436 0.134928 0.255824 
t -0.009436 0.134928 0.255824 -0.010392 0.124953 0.261862 0.000000 0.124953 0.262680 
t -0.010392 0.124953 0.261862 0.000000 0.124953 0.262680 0.000000 0.134928 0.256567 
t -0.018639 0.134928 0.253614 -0.020528 0.124953 0.259428 -0.010392 0.124953 0.261862 
t -0.020528 0.124953 0.259428 -0.010392 0.124953 0.261862 -0.009436 0.134928 0.255824 
t -0.027384 0.134928 0.249992 -0.030159 0.124953 0.255439 -0.020528 0.124953 0.259428 
t -0.030159 0.124953 0.255439 -0.020528 0.124953 0.259428 -0.018639 0.134928 0.253614 
t -0.035454 0.134928 0.245047 -0.039047 0.124953 0.249992 -0.030159 0.124953 0.255439 
t -0.039047 0.124953 0.249992 -0.030159 0.124953 0.255439 -0.027384 0.134928 0.249992 
t -0.042652 0.134928 0.238900 -0.046974 0.124953 0.243222 -0.039047 0.124953 0.249992 
t -0.046974 0.124953 0.243222 -0.039047 0.124953 0.249992 -0.035454 0.134928 0.245047 
t -0.048799 0.134928 0.231702 -0.053744 0.124953 0.235296 -0.046974 0.124953 0.243222 
t -0.053744 0.124953 0.235296 -0.046974 0.124953 0.243222 -0.042652 0.134928 0.238900 
t -0.053744 0.134928 0.223632 -0.059191 0.124953 0.226407 -0.053744 0.124953 0.235296 
t -0.059191 0.124953 0.226407 -0.053744 0.124953 0.235296 -0.048799 0.134928 0.231702 
t -0.057367 0.134928 0.214888 -0.063180 0.124953 0.216777 -0.059191 0.124953 0.226407 
t -0.063180 0.124953 0.216777 -0.059191 0.124953 0.226407 -0.053744 0.134928 0.223632 
t -0.059576 0.134928 0.205684 -0.065614 0.124953 0.206640 -0.063180 0.124953 0.216777 
t -0.065614 0.124953 0.206640 -0.063180 0.124953 0.216777 -0.057367 0.134928 0.214888 
t -0.060319 0.134928 0.196248 -0.066432 0.124953 0.196248 -0.065614 0.124953 0.206640 
t -0.066432 0.124953 0.196248 -0.065614 0.124953 0.206640 -0.059576 0.134928 0.205684 
t -0.059576 0.134928 0.186812 -0.065614 0.124953 0.185856 -0.066432 0.124953 0.196248 
t -0.065614 0.124953 0.185856 -0.066432 0.124953 0.196248 -0.060319 0.134928 0.196248 
t -0.057367 0.134928 0.177609 -0.063180 0.124953 0.175720 -0.065614 0.124953 0.185856 
t -0.063180 0.124953 0.175720 -0.065614 0.124953 0.185856 -0.059576 0.134928 0.186812 
t -0.053745 0.134928 0.168864 -0.059191 0.124953 0.166089 -0.063180 0.124953 0.175720 
t -0.059191 0.124953 0.166089 -0.063180 0.124953 0.175720 -0.057367 0.134928 0.177609 
t -0.048799 0.134928 0.160794 -0.053745 0.124953 0.157200 -0.059191 0.124953 0.166089 
t -0.053745 0.124953 0.157200 -0.059191 0.124953 0.166089 -0.053745 0.134928 0.168864 
t -0.042652 0.134928 0.153596 -0.046974 0.124953 0.149274 -0.053745 0.124953 0.157200 
t -0.046974 0.124953 0.149274 -0.053745 0.124953 0.157200 -0.048799 0.134928 0.160794 
t -0.035455 0.134928 0.147449 -0.039048 0.124953 0.142504 -0.046974 0.124953 0.149274 
t -0.039048 0.124953 0.142504 -0.046974 0.124953 0.149274 -0.042652 0.134928 0.153596 
t -0.027384 0.134928 0.142504 -0.030160 0.124953 0.137057 -0.039048 0.124953 0.142504 
t -0.030160 0.124953 0.137057 -0.039048 0.124953 0.142504 -0.035455 0.134928 0.147449 
t -0.018640 0.134928 0.138881 -0.020529 0.124953 0.133068 -0.030160 0.124953 0.137057 
t -0.020529 0.124953 0.133068 -0.030160 0.124953 0.137057 -0.027384 0.134928 0.142504 
t -0.009436 0.134928 0.136672 -0.010392 0.124953 0.130634 -0.020529 0.124953 0.133068 
t -0.010392 0.124953 0.130634 -0.020529 0.124953 0.133068 -0.018640 0.134928 0.138881 
t 0.000000 0.134928 0.135929 0.000000 0.124953 0.129816 -0.010392 0.124953 0.130634 
t 0.000000 0.124953 0.129816 -0.010392 0.124953 0.130634 -0.009436 0.134928 0.136672 
t 0.010392 0.124953 0.130634 0.011093 0.114144 0.126212 0.000000 0.114144 0.125339 
t 0.011093 0.114144 0.126212 0.000000 0.114144 0.125339 0.000000 0.124953 0.129816 
t 0.020528 0.124953 0.133068 0.021912 0.114144 0.128810 0.011093 0.114144 0.126212 
t 0.021912 0.114144 0.128810 0.011093 0.114144 0.126212 0.010392 0.124953 0.130634 
t 0.030159 0.124953 0.137057 0.032192 0.114144 0.133068 0.021912 0.114144 0.128810 
t 0.032192 0.114144 0.133068 0.021912 0.114144 0.128810 0.020528 0.124953 0.133068 
t 0.039048 0.124953 0.142504 0.041679 0.114144 0.138881 0.032192 0.114144 0.133068 
t 0.041679 0.114144 0.138881 0.032192 0.114144 0.133068 0.030159 0.124953 0.137057 
t 0.046974 0.124953 0.149274 0.050140 0.114144 0.146108 0.041679 0.114144 0.138881 
t 0.050140 0.114144 0.146108 0.041679 0.114144 0.138881 0.039048 0.124953 0.142504 
t 0.053744 0.124953 0.157200 0.057366 0.114144 0.154569 0.050140 0.114144 0.146108 
t 0.057366 0.114144 0.154569 0.050140 0.114144 0.146108 0.046974 0.124953 0.149274 
t 0.059191 0.124953 0.166089 0.063180 0.114144 0.164056 0.057366 0.114144 0.154569 
t 0.063180 0.114144 0.164056 0.057366 0.114144 0.154569 0.053744 0.124953 0.157200 
t 0.063180 0.124953 0.175719 0.067438 0.114144 0.174336 0.063180 0.114144 0.164056 
t 0.067438 0.114144 0.174336 0.063180 0.114144 0.164056 0.059191 0.124953 0.166089 
t 0.065614 0.124953 0.185856 0.070036 0.114144 0.185155 0.067438 0.114144 0.174336 
t 0.070036 0.114144 0.185155 0.067438 0.114144 0.174336 0.063180 0.124953 0.175719 
t 0.066432 0.124953 0.196248 0.070909 0.114144 0.196248 0.070036 0.114144 0.185155 
t 0.070909 0.114144 0.196248 0.070036 0.114144 0.185155 0.065614 0.124953 0.185856 
t 0.065614 0.124953 0.206640 0.070036 0.114144 0.207341 0.070909 0.114144 0.196248 
t 0.070036 0.114144 0.207341 0.070909 0.114144 0.196248 0.066432 0.124953 0.196248 
t 0.063180 0.124953 0.216776 0.067438 0.114144 0.218160 0.070036 0.114144 0.207341 
t 0.067438 0.114144 0.218160 0.070036 0.114144 0.207341 0.065614 0.124953 0.206640 
t 0.059191 0.124953 0.226407 0.063180 0.114144 0.228440 0.067438 0.114144 0.218160 
t 0.063180 0.114144 0.228440 0.067438 0.114144 0.218160 0.063180 0.124953 0.216776 
t 0.053745 0.124953 0.235296 0.057367 0.114144 0.237927 0.063180 0.114144 0.228440 
t 0.057367 0.114144 0.237927 0.063180 0.114144 0.228440 0.059191 0.124953 0.226407 
t 0.046974 0.124953 0.243222 0.050140 0.114144 0.246388 0.057367 0.114144 0.237927 
t 0.050140 0.114144 0.246388 0.057367 0.114144 0.237927 0.053745 0.124953 0.235296 
t 0.039048 0.124953 0.249992 0.041679 0.114144 0.253614 0.050140 0.114144 0.246388 
t 0.041679 0.114144 0.253614 0.050140 0.114144 0.246388 0.046974 0.124953 0.243222 
t 0.030160 0.124953 0.255439 0.032192 0.114144 0.259428 0.041679 0.114144 0.253614 
t 0.032192 0.114144 0.259428 0.041679 0.114144 0.253614 0.039048 0.124953 0.249992 
t 0.020529 0.124953 0.259428 0.021912 0.114144 0.263686 0.032192 0.114144 0.259428 
t 0.021912 0.114144 0.263686 0.032192 0.114144 0.259428 0.030160 0.124953 0.255439 
t 0.010392 0.124953 0.261862 0.011093 0.114144 0.266284 0.021912 0.114144 0.263686 
t 0.011093 0.114144 0.266284 0.021912 0.114144 0.263686 0.020529 0.124953 0.259428 
t 0.000000 0.124953 0.262680 0.000000 0.114144 0.267157 0.011093 0.114144 0.266284 
t 0.000000 0.114144 0.267157 0.011093 0.114144 0.266284 0.010392 0.124953 0.261862 
t -0.010392 0.124953 0.261862 -0.011092 0.114144 0.266284 0.000000 0.114144 0.267157 
t -0.011092 0.114144 0.266284 0.000000 0.114144 0.267157 0.000000 0.124953 0.262680 
t -0.020528 0.124953 0.259428 -0.021912 0.114144 0.263686 -0.011092 0.114144 0.266284 
t -0.021912 0.114144 0.263686 -0.011092 0.114144 0.266284 -0.010392 0.124953 0.261862 
t -0.030159 0.124953 0.255439 -0.032192 0.114144 0.259428 -0.021912 0.114144 0.263686 
t -0.032192 0.114144 0.259428 -0.021912 0.114144 0.263686 -0.020528 0.124953 0.259428 
t -0.039047 0.124953 0.249992 -0.041679 0.114144 0.253615 -0.032192 0.114144 0.259428 
t -0.041679 0.114144 0.253615 -0.032192 0.114144 0.259428 -0.030159 0.124953 0.255439 
t -0.046974 0.124953 0.243222 -0.050140 0.114144 0.246388 -0.041679 0.114144 0.253615 
t -0.050140 0.114144 0.246388 -0.041679 0.114144 0.253615 -0.039047 0.124953 0.249992 
t -0.053744 0.124953 0.235296 -0.057366 0.114144 0.237927 -0.050140 0.114144 0.246388 
t -0.057366 0.114144 0.237927 -0.050140 0.114144 0.246388 -0.046974 0.124953 0.243222 
t -0.059191 0.124953 0.226407 -0.063180 0.114144 0.228440 -0.057366 0.114144 0.237927 
t -0.063180 0.114144 0.228440 -0.057366 0.114144 0.237927 -0.053744 0.124953 0.235296 
t -0.063180 0.124953 0.216777 -0.067438 0.114144 0.218160 -0.063180 0.114144 0.228440 
t -0.067438 0.114144 0.218160 -0.063180 0.114144 0.228440 -0.059191 0.124953 0.226407 
t -0.065614 0.124953 0.206640 -0.070036 0.114144 0.207341 -0.067438 0.114144 0.218160 
t -0.070036 0.114144 0.207341 -0.067438 0.114144 0.218160 -0.063180 0.124953 0.216777 
t -0.066432 0.124953 0.196248 -0.070909 0.114144 0.196248 -0.070036 0.114144 0.207341 
t -0.070909 0.114144 0.196248 -0.070036 0.114144 0.207341 -0.065614 0.124953 0.206640 
t -0.065614 0.124953 0.185856 -0.070036 0.114144 0.185155 -0.070909 0.114144 0.196248 
t -0.070036 0.114144 0.185155 -0.070909 0.114144 0.196248 -0.066432 0.124953 0.196248 
t -0.063180 0.124953 0.175720 -0.067438 0.114144 0.174336 -0.070036 0.114144 0.185155 
t -0.067438 0.114144 0.174336 -0.070036 0.114144 0.185155 -0.065614 0.124953 0.185856 
t -0.059191 0.124953 0.166089 -0.063180 0.114144 0.164056 -0.067438 0.114144 0.174336 
t -0.063180 0.114144 0.164056 -0.067438 0.114144 0.174336 -0.063180 0.124953 0.175720 
t -0.053745 0.124953 0.157200 -0.057367 0.114144 0.154569 -0.063180 0.114144 0.164056 
t -0.057367 0.114144 0.154569 -0.063180 0.114144 0.164056 -0.059191 0.124953 0.166089 
t -0.046974 0.124953 0.149274 -0.050140 0.114144 0.146108 -0.057367 0.114144 0.154569 
t -0.050140 0.114144 0.146108 -0.057367 0.114144 0.154569 -0.053745 0.124953 0.157200 
t -0.039048 0.124953 0.142504 -0.041679 0.114144 0.138881 -0.050140 0.114144 0.146108 
t -0.041679 0.114144 0.138881 -0.050140 0.114144 0.146108 -0.046974 0.124953 0.149274 
t -0.030160 0.124953 0.137057 -0.032192 0.114144 0.133068 -0.041679 0.114144 0.138881 
t -0.032192 0.114144 0.133068 -0.041679 0.114144 0.138881 -0.039048 0.124953 0.142504 
t -0.020529 0.124953 0.133068 -0.021912 0.114144 0.128810 -0.032192 0.114144 0.133068 
t -0.021912 0.114144 0.128810 -0.032192 0.114144 0.133068 -0.030160 0.124953 0.137057 
t -0.010392 0.124953 0.130634 -0.011093 0.114144 0.126212 -0.021912 0.114144 0.128810 
t -0.011093 0.114144 0.126212 -0.021912 0.114144 0.128810 -0.020529 0.124953 0.133068 
t 0.000000 0.124953 0.129816 0.000000 0.114144 0.125339 -0.011093 0.114144 0.126212 
t 0.000000 0.114144 0.125339 -0.011093 0.114144 0.126212 -0.010392 0.124953 0.130634 
t 0.011093 0.114144 0.126212 0.011520 0.102768 0.123514 0.000000 0.102768 0.122608 
t 0.011520 0.102768 0.123514 0.000000 0.102768 0.122608 0.000000 0.114144 0.125339 
t 0.021912 0.114144 0.128810 0.022756 0.102768 0.126212 0.011520 0.102768 0.123514 
t 0.022756 0.102768 0.126212 0.011520 0.102768 0.123514 0.011093 0.114144 0.126212 
t 0.032192 0.114144 0.133068 0.033432 0.102768 0.130634 0.022756 0.102768 0.126212 
t 0.033432 0.102768 0.130634 0.022756 0.102768 0.126212 0.021912 0.114144 0.128810 
t 0.041679 0.114144 0.138881 0.043285 0.102768 0.136672 0.033432 0.102768 0.130634 
t 0.043285 0.102768 0.136672 0.033432 0.102768 0.130634 0.032192 0.114144 0.133068 
t 0.050140 0.114144 0.146108 0.052071 0.102768 0.144177 0.043285 0.102768 0.136672 
t 0.052071 0.102768 0.144177 0.043285 0.102768 0.136672 0.041679 0.114144 0.138881 
t 0.057366 0.114144 0.154569 0.059576 0.102768 0.152963 0.052071 0.102768 0.144177 
t 0.059576 0.102768 0.152963 0.052071 0.102768 0.144177 0.050140 0.114144 0.146108 
t 0.063180 0.114144 0.164056 0.065614 0.102768 0.162816 0.059576 0.102768 0.152963 
t 0.065614 0.102768 0.162816 0.059576 0.102768 0.152963 0.057366 0.114144 0.154569 
t 0.067438 0.114144 0.174336 0.070036 0.102768 0.173492 0.065614 0.102768 0.162816 
t 0.070036 0.102768 0.173492 0.065614 0.102768 0.162816 0.063180 0.114144 0.164056 
t 0.070036 0.114144 0.185155 0.072734 0.102768 0.184728 0.070036 0.102768 0.173492 
t 0.072734 0.102768 0.184728 0.070036 0.102768 0.173492 0.067438 0.114144 0.174336 
t 0.070909 0.114144 0.196248 0.073640 0.102768 0.196248 0.072734 0.102768 0.184728 
t 0.073640 0.102768 0.196248 0.072734 0.102768 0.184728 0.070036 0.114144 0.185155 
t 0.070036 0.114144 0.207341 0.072734 0.102768 0.207768 0.073640 0.102768 0.196248 
t 0.072734 0.102768 0.207768 0.073640 0.102768 0.196248 0.070909 0.114144 0.196248 
t 0.067438 0.114144 0.218160 0.070036 0.102768 0.219004 0.072734 0.102768 0.207768 
t 0.070036 0.102768 0.219004 0.072734 0.102768 0.207768 0.070036 0.114144 0.207341 
t 0.063180 0.114144 0.228440 0.065614 0.102768 0.229680 0.070036 0.102768 0.219004 
t 0.065614 0.102768 0.229680 0.070036 0.102768 0.219004 0.067438 0.114144 0.218160 
t 0.057367 0.114144 0.237927 0.059576 0.102768 0.239532 0.065614 0.102768 0.229680 
t 0.059576 0.102768 0.239532 0.065614 0.102768 0.229680 0.063180 0.114144 0.228440 
t 0.050140 0.114144 0.246388 0.052072 0.102768 0.248319 0.059576 0.102768 0.239532 
t 0.052072 0.102768 0.248319 0.059576 0.102768 0.239532 0.057367 0.114144 0.237927 
t 0.041679 0.114144 0.253614 0.043285 0.102768 0.255824 0.052072 0.102768 0.248319 
t 0.043285 0.102768 0.255824 0.052072 0.102768 0.248319 0.050140 0.114144 0.246388 
t 0.032192 0.114144 0.259428 0.033432 0.102768 0.261862 0.043285 0.102768 0.255824 
t 0.033432 0.102768 0.261862 0.043285 0.102768 0.255824 0.041679 0.114144 0.253614 
t 0.021912 0.114144 0.263686 0.022756 0.102768 0.266284 0.033432 0.102768 0.261862 
t 0.022756 0.102768 0.266284 0.033432 0.102768 0.261862 0.032192 0.114144 0.259428 
t 0.011093 0.114144 0.266284 0.011520 0.102768 0.268981 0.022756 0.102768 0.266284 
t 0.011520 0.102768 0.268981 0.022756 0.102768 0.266284 0.021912 0.114144 0.263686 
t 0.000000 0.114144 0.267157 0.000000 0.102768 0.269888 0.011520 0.102768 0.268981 
t 0.000000 0.102768 0.269888 0.011520 0.102768 0.268981 0.011093 0.114144 0.266284 
t -0.011092 0.114144 0.266284 -0.011520 0.102768 0.268982 0.000000 0.102768 0.269888 
t -0.011520 0.102768 0.268982 0.000000 0.102768 0.269888 0.000000 0.114144 0.267157 
t -0.021912 0.114144 0.263686 -0.022756 0.102768 0.266284 -0.011520 0.102768 0.268982 
t -0.022756 0.102768 0.266284 -0.011520 0.102768 0.268982 -0.011092 0.114144 0.266284 
t -0.032192 0.114144 0.259428 -0.033432 0.102768 0.261862 -0.022756 0.102768 0.266284 
t -0.033432 0.102768 0.261862 -0.022756 0.102768 0.266284 -0.021912 0.114144 0.263686 
t -0.041679 0.114144 0.253615 -0.043285 0.102768 0.255824 -0.033432 0.102768 0.261862 
t -0.043285 0.102768 0.255824 -0.033432 0.102768 0.261862 -0.032192 0.114144 0.259428 
t -0.050140 0.114144 0.246388 -0.052071 0.102768 0.248319 -0.043285 0.102768 0.255824 
t -0.052071 0.102768 0.248319 -0.043285 0.102768 0.255824 -0.041679 0.114144 0.253615 
t -0.057366 0.114144 0.237927 -0.059576 0.102768 0.239533 -0.052071 0.102768 0.248319 
t -0.059576 0.102768 0.239533 -0.052071 0.102768 0.248319 -0.050140 0.114144 0.246388 
t -0.063180 0.114144 0.228440 -0.065614 0.102768 0.229680 -0.059576 0.102768 0.239533 
t -0.065614 0.102768 0.229680 -0.059576 0.102768 0.239533 -0.057366 0.114144 0.237927 
t -0.067438 0.114144 0.218160 -0.070036 0.102768 0.219004 -0.065614 0.102768 0.229680 
t -0.070036 0.102768 0.219004 -0.065614 0.102768 0.229680 -0.063180 0.114144 0.228440 
t -0.070036 0.114144 0.207341 -0.072734 0.102768 0.207768 -0.070036 0.102768 0.219004 
t -0.072734 0.102768 0.207768 -0.070036 0.102768 0.219004 -0.067438 0.114144 0.218160 
t -0.070909 0.114144 0.196248 -0.073640 0.102768 0.196248 -0.072734 0.102768 0.207768 
t -0.073640 0.102768 0.196248 -0.072734 0.102768 0.207768 -0.070036 0.114144 0.207341 
t -0.070036 0.114144 0.185155 -0.072734 0.102768 0.184728 -0.073640 0.102768 0.196248 
t -0.072734 0.102768 0.184728 -0.073640 0.102768 0.196248 -0.070909 0.114144 0.196248 
t -0.067438 0.114144 0.174336 -0.070036 0.102768 0.173492 -0.072734 0.102768 0.184728 
t -0.070036 0.102768 0.173492 -0.072734 0.102768 0.184728 -0.070036 0.114144 0.185155 
t -0.063180 0.114144 0.164056 -0.065614 0.102768 0.162816 -0.070036 0.102768 0.173492 
t -0.065614 0.102768 0.162816 -0.070036 0.102768 0.173492 -0.067438 0.114144 0.174336 
t -0.057367 0.114144 0.154569 -0.059576 0.102768 0.152963 -0.065614 0.102768 0.162816 
t -0.059576 0.102768 0.152963 -0.065614 0.102768 0.162816 -0.063180 0.114144 0.164056 
t -0.050140 0.114144 0.146108 -0.052072 0.102768 0.144177 -0.059576 0.102768 0.152963 
t -0.052072 0.102768 0.144177 -0.059576 0.102768 0.152963 -0.057367 0.114144 0.154569 
t -0.041679 0.114144 0.138881 -0.043285 0.102768 0.136672 -0.052072 0.102768 0.144177 
t -0.043285 0.102768 0.136672 -0.052072 0.102768 0.144177 -0.050140 0.114144 0.146108 
t -0.032192 0.114144 0.133068 -0.033432 0.102768 0.130634 -0.043285 0.102768 0.136672 
t -0.033432 0.102768 0.130634 -0.043285 0.102768 0.136672 -0.041679 0.114144 0.138881 
t -0.021912 0.114144 0.128810 -0.022756 0.102768 0.126212 -0.033432 0.102768 0.130634 
t -0.022756 0.102768 0.126212 -0.033432 0.102768 0.130634 -0.032192 0.114144 0.133068 
t -0.011093 0.114144 0.126212 -0.011520 0.102768 0.123514 -0.022756 0.102768 0.126212 
t -0.011520 0.102768 0.123514 -0.022756 0.102768 0.126212 -0.021912 0.114144 0.128810 
t 0.000000 0.114144 0.125339 0.000000 0.102768 0.122608 -0.011520 0.102768 0.123514 
t 0.000000 0.102768 0.122608 -0.011520 0.102768 0.123514 -0.011093 0.114144 0.126212 
t 0.011520 0.102768 0.123514 0.011663 0.091104 0.122608 0.000000 0.091104 0.121690 
t 0.011663 0.091104 0.122608 0.000000 0.091104 0.121690 0.000000 0.102768 0.122608 
t 0.022756 0.102768 0.126212 0.023040 0.091104 0.125339 0.011663 0.091104 0.122608 
t 0.023040 0.091104 0.125339 0.011663 0.091104 0.122608 0.011520 0.102768 0.123514 
t 0.033432 0.102768 0.130634 0.033849 0.091104 0.129816 0.023040 0.091104 0.125339 
t 0.033849 0.091104 0.129816 0.023040 0.091104 0.125339 0.022756 0.102768 0.126212 
t 0.043285 0.102768 0.136672 0.043824 0.091104 0.135929 0.033849 0.091104 0.129816 
t 0.043824 0.091104 0.135929 0.033849 0.091104 0.129816 0.033432 0.102768 0.130634 
t 0.052071 0.102768 0.144177 0.052720 0.091104 0.143527 0.043824 0.091104 0.135929 
t 0.052720 0.091104 0.143527 0.043824 0.091104 0.135929 0.043285 0.102768 0.136672 
t 0.059576 0.102768 0.152963 0.060319 0.091104 0.152424 0.052720 0.091104 0.143527 
t 0.060319 0.091104 0.152424 0.052720 0.091104 0.143527 0.052071 0.102768 0.144177 
t 0.065614 0.102768 0.162816 0.066432 0.091104 0.162399 0.060319 0.091104 0.152424 
t 0.066432 0.091104 0.162399 0.060319 0.091104 0.152424 0.059576 0.102768 0.152963 
t 0.070036 0.102768 0.173492 0.070909 0.091104 0.173208 0.066432 0.091104 0.162399 
t 0.070909 0.091104 0.173208 0.066432 0.091104 0.162399 0.065614 0.102768 0.162816 
t 0.072734 0.102768 0.184728 0.073640 0.091104 0.184584 0.070909 0.091104 0.173208 
t 0.073640 0.091104 0.184584 0.070909 0.091104 0.173208 0.070036 0.102768 0.173492 
t 0.073640 0.102768 0.196248 0.074558 0.091104 0.196248 0.073640 0.091104 0.184584 
t 0.074558 0.091104 0.196248 0.073640 0.091104 0.184584 0.072734 0.102768 0.184728 
t 0.072734 0.102768 0.207768 0.073640 0.091104 0.207911 0.074558 0.091104 0.196248 
t 0.073640 0.091104 0.207911 0.074558 0.091104 0.196248 0.073640 0.102768 0.196248 
t 0.070036 0.102768 0.219004 0.070909 0.091104 0.219288 0.073640 0.091104 0.207911 
t 0.070909 0.091104 0.219288 0.073640 0.091104 0.207911 0.072734 0.102768 0.207768 
t 0.065614 0.102768 0.229680 0.066432 0.091104 0.230097 0.070909 0.091104 0.219288 
t 0.066432 0.091104 0.230097 0.070909 0.091104 0.219288 0.070036 0.102768 0.219004 
t 0.059576 0.102768 0.239532 0.060319 0.091104 0.240072 0.066432 0.091104 0.230097 
t 0.060319 0.091104 0.240072 0.066432 0.091104 0.230097 0.065614 0.102768 0.229680 
t 0.052072 0.102768 0.248319 0.052721 0.091104 0.248968 0.060319 0.091104 0.240072 
t 0.052721 0.091104 0.248968 0.060319 0.091104 0.240072 0.059576 0.102768 0.239532 
t 0.043285 0.102768 0.255824 0.043824 0.091104 0.256567 0.052721 0.091104 0.248968 
t 0.043824 0.091104 0.256567 0.052721 0.091104 0.248968 0.052072 0.102768 0.248319 
t 0.033432 0.102768 0.261862 0.033849 0.091104 0.262680 0.043824 0.091104 0.256567 
t 0.033849 0.091104 0.262680 0.043824 0.091104 0.256567 0.043285 0.102768 0.255824 
t 0.022756 0.102768 0.266284 0.023040 0.091104 0.267157 0.033849 0.091104 0.262680 
t 0.023040 0.091104 0.267157 0.033849 0.091104 0.262680 0.033432 0.102768 0.261862 
t 0.011520 0.102768 0.268981 0.011664 0.091104 0.269888 0.023040 0.091104 0.267157 
t 0.011664 0.091104 0.269888 0.023040 0.091104 0.267157 0.022756 0.102768 0.266284 
t 0.000000 0.102768 0.269888 0.000000 0.091104 0.270806 0.011664 0.091104 0.269888 
t 0.000000 0.091104 0.270806 0.011664 0.091104 0.269888 0.011520 0.102768 0.268981 
t -0.011520 0.102768 0.268982 -0.011663 0.091104 0.269888 0.000000 0.091104 0.270806 
t -0.011663 0.091104 0.269888 0.000000 0.091104 0.270806 0.000000 0.102768 0.269888 
t -0.022756 0.102768 0.266284 -0.023040 0.091104 0.267157 -0.011663 0.091104 0.269888 
t -0.023040 0.091104 0.267157 -0.011663 0.091104 0.269888 -0.011520 0.102768 0.268982 
t -0.033432 0.102768 0.261862 -0.033849 0.091104 0.262680 -0.023040 0.091104 0.267157 
t -0.033849 0.091104 0.262680 -0.023040 0.091104 0.267157 -0.022756 0.102768 0.266284 
t -0.043285 0.102768 0.255824 -0.043824 0.091104 0.256567 -0.033849 0.091104 0.262680 
t -0.043824 0.091104 0.256567 -0.033849 0.091104 0.262680 -0.033432 0.102768 0.261862 
t -0.052071 0.102768 0.248319 -0.052720 0.091104 0.248969 -0.043824 0.091104 0.256567 
t -0.052720 0.091104 0.248969 -0.043824 0.091104 0.256567 -0.043285 0.102768 0.255824 
t -0.059576 0.102768 0.239533 -0.060319 0.091104 0.240072 -0.052720 0.091104 0.248969 
t -0.060319 0.091104 0.240072 -0.052720 0.091104 0.248969 -0.052071 0.102768 0.248319 
t -0.065614 0.102768 0.229680 -0.066432 0.091104 0.230097 -0.060319 0.091104 0.240072 
t -0.066432 0.091104 0.230097 -0.060319 0.091104 0.240072 -0.059576 0.102768 0.239533 
t -0.070036 0.102768 0.219004 -0.070909 0.091104 0.219288 -0.066432 0.091104 0.230097 
t -0.070909 0.091104 0.219288 -0.066432 0.091104 0.230097 -0.065614 0.102768 0.229680 
t -0.072734 0.102768 0.207768 -0.073640 0.091104 0.207912 -0.070909 0.091104 0.219288 
t -0.073640 0.091104 0.207912 -0.070909 0.091104 0.219288 -0.070036 0.102768 0.219004 
t -0.073640 0.102768 0.196248 -0.074558 0.091104 0.196248 -0.073640 0.091104 0.207912 
t -0.074558 0.091104 0.196248 -0.073640 0.091104 0.207912 -0.072734 0.102768 0.207768 
t -0.072734 0.102768 0.184728 -0.073640 0.091104 0.184585 -0.074558 0.091104 0.196248 
t -0.073640 0.091104 0.184585 -0.074558 0.091104 0.196248 -0.073640 0.102768 0.196248 
t -0.070036 0.102768 0.173492 -0.070909 0.091104 0.173208 -0.073640 0.091104 0.184585 
t -0.070909 0.091104 0.173208 -0.073640 0.091104 0.184585 -0.072734 0.102768 0.184728 
t -0.065614 0.102768 0.162816 -0.066432 0.091104 0.162399 -0.070909 0.091104 0.173208 
t -0.066432 0.091104 0.162399 -0.070909 0.091104 0.173208 -0.070036 0.102768 0.173492 
t -0.059576 0.102768 0.152963 -0.060319 0.091104 0.152424 -0.066432 0.091104 0.162399 
t -0.060319 0.091104 0.152424 -0.066432 0.091104 0.162399 -0.065614 0.102768 0.162816 
t -0.052072 0.102768 0.144177 -0.052721 0.091104 0.143528 -0.060319 0.091104 0.152424 
t -0.052721 0.091104 0.143528 -0.060319 0.091104 0.152424 -0.059576 0.102768 0.152963 
t -0.043285 0.102768 0.136672 -0.043824 0.091104 0.135929 -0.052721 0.091104 0.143528 
t -0.043824 0.091104 0.135929 -0.052721 0.091104 0.143528 -0.052072 0.102768 0.144177 
t -0.033432 0.102768 0.130634 -0.033849 0.091104 0.129816 -0.043824 0.091104 0.135929 
t -0.033849 0.091104 0.129816 -0.043824 0.091104 0.135929 -0.043285 0.102768 0.136672 
t -0.022756 0.102768 0.126212 -0.023040 0.091104 0.125339 -0.033849 0.091104 0.129816 
t -0.023040 0.091104 0.125339 -0.033849 0.091104 0.129816 -0.033432 0.102768 0.130634 
t -0.011520 0.102768 0.123514 -0.011664 0.091104 0.122608 -0.023040 0.091104 0.125339 
t -0.011664 0.091104 0.122608 -0.023040 0.091104 0.125339 -0.022756 0.102768 0.126212 
t 0.000000 0.102768 0.122608 0.000000 0.091104 0.121690 -0.011664 0.091104 0.122608 
t 0.000000 0.091104 0.121690 -0.011664 0.091104 0.122608 -0.011520 0.102768 0.123514 
t 0.011663 0.091104 0.122608 0.011520 0.079441 0.123514 0.000000 0.079441 0.122608 
t 0.011520 0.079441 0.123514 0.000000 0.079441 0.122608 0.000000 0.091104 0.121690 
t 0.023040 0.091104 0.125339 0.022756 0.079441 0.126212 0.011520 0.079441 0.123514 
t 0.022756 0.079441 0.126212 0.011520 0.079441 0.123514 0.011663 0.091104 0.122608 
t 0.033849 0.091104 0.129816 0.033432 0.079441 0.130634 0.022756 0.079441 0.126212 
t 0.033432 0.079441 0.130634 0.022756 0.079441 0.126212 0.023040 0.091104 0.125339 
t 0.043824 0.091104 0.135929 0.043285 0.079441 0.136672 0.033432 0.079441 0.130634 
t 0.043285 0.079441 0.136672 0.033432 0.079441 0.130634 0.033849 0.091104 0.129816 
t 0.052720 0.091104 0.143527 0.052071 0.079441 0.144177 0.043285 0.079441 0.136672 
t 0.052071 0.079441 0.144177 0.043285 0.079441 0.136672 0.043824 0.091104 0.135929 
t 0.060319 0.091104 0.152424 0.059576 0.079441 0.152963 0.052071 0.079441 0.144177 
t 0.059576 0.079441 0.152963 0.052071 0.079441 0.144177 0.052720 0.091104 0.143527 
t 0.066432 0.091104 0.162399 0.065614 0.079441 0.162816 0.059576 0.079441 0.152963 
t 0.065614 0.079441 0.162816 0.059576 0.079441 0.152963 0.060319 0.091104 0.152424 
t 0.070909 0.091104 0.173208 0.070036 0.079441 0.173492 0.065614 0.079441 0.162816 
t 0.070036 0.079441 0.173492 0.065614 0.079441 0.162816 0.066432 0.091104 0.162399 
t 0.073640 0.091104 0.184584 0.072734 0.079441 0.184728 0.070036 0.079441 0.173492 
t 0.072734 0.079441 0.184728 0.070036 0.079441 0.173492 0.070909 0.091104 0.173208 
t 0.074558 0.091104 0.196248 0.073640 0.079441 0.196248 0.072734 0.079441 0.184728 
t 0.073640 0.079441 0.196248 0.072734 0.079441 0.184728 0.073640 0.091104 0.184584 
t 0.073640 0.091104 0.207911 0.072734 0.079441 0.207768 0.073640 0.079441 0.196248 
t 0.072734 0.079441 0.207768 0.073640 0.079441 0.196248 0.074558 0.091104 0.196248 
t 0.070909 0.091104 0.219288 0.070036 0.079441 0.219004 0.072734 0.079441 0.207768 
t 0.070036 0.079441 0.219004 0.072734 0.079441 0.207768 0.073640 0.091104 0.207911 
t 0.066432 0.091104 0.230097 0.065614 0.079441 0.229680 0.070036 0.079441 0.219004 
t 0.065614 0.079441 0.229680 0.070036 0.079441 0.219004 0.070909 0.091104 0.219288 
t 0.060319 0.091104 0.240072 0.059576 0.079441 0.239532 0.065614 0.079441 0.229680 
t 0.059576 0.079441 0.239532 0.065614 0.079441 0.229680 0.066432 0.091104 0.230097 
t 0.052721 0.091104 0.248968 0.052072 0.079441 0.248319 0.059576 0.079441 0.239532 
t 0.052072 0.079441 0.248319 0.059576 0.079441 0.239532 0.060319 0.091104 0.240072 
t 0.043824 0.091104 0.256567 0.043285 0.079441 0.255824 0.052072 0.079441 0.248319 
t 0.043285 0.079441 0.255824 0.052072 0.079441 0.248319 0.052721 0.091104 0.248968 
t 0.033849 0.091104 0.262680 0.033432 0.079441 0.261862 0.043285 0.079441 0.255824 
t 0.033432 0.079441 0.261862 0.043285 0.079441 0.255824 0.043824 0.091104 0.256567 
t 0.023040 0.091104 0.267157 0.022756 0.079441 0.266284 0.033432 0.079441 0.261862 
t 0.022756 0.079441 0.266284 0.033432 0.079441 0.261862 0.033849 0.091104 0.262680 
t 0.011664 0.091104 0.269888 0.011520 0.079441 0.268981 0.022756 0.079441 0.266284 
t 0.011520 0.079441 0.268981 0.022756 0.079441 0.266284 0.023040 0.091104 0.267157 
t 0.000000 0.091104 0.270806 0.000000 0.079441 0.269888 0.011520 0.079441 0.268981 
t 0.000000 0.079441 0.269888 0.011520 0.079441 0.268981 0.011664 0.091104 0.269888 
t -0.011663 0.091104 0.269888 -0.011520 0.079441 0.268982 0.000000 0.079441 0.269888 
t -0.011520 0.079441 0.268982 0.000000 0.079441 0.269888 0.000000 0.091104 0.270806 
t -0.023040 0.091104 0.267157 -0.022756 0.079441 0.266284 -0.011520 0.079441 0.268982 
t -0.022756 0.079441 0.266284 -0.011520 0.079441 0.268982 -0.011663 0.091104 0.269888 
t -0.033849 0.091104 0.262680 -0.033432 0.079441 0.261862 -0.022756 0.079441 0.266284 
t -0.033432 0.079441 0.261862 -0.022756 0.079441 0.266284 -0.023040 0.091104 0.267157 
t -0.043824 0.091104 0.256567 -0.043285 0.079441 0.255824 -0.033432 0.079441 0.261862 
t -0.043285 0.079441 0.255824 -0.033432 0.079441 0.261862 -0.033849 0.091104 0.262680 
t -0.052720 0.091104 0.248969 -0.052071 0.079441 0.248319 -0.043285 0.079441 0.255824 
t -0.052071 0.079441 0.248319 -0.043285 0.079441 0.255824 -0.043824 0.091104 0.256567 
t -0.060319 0.091104 0.240072 -0.059576 0.079441 0.239533 -0.052071 0.079441 0.248319 
t -0.059576 0.079441 0.239533 -0.052071 0.079441 0.248319 -0.052720 0.091104 0.248969 
t -0.066432 0.091104 0.230097 -0.065614 0.079441 0.229680 -0.059576 0.079441 0.239533 
t -0.065614 0.079441 0.229680 -0.059576 0.079441 0.239533 -0.060319 0.091104 0.240072 
t -0.070909 0.091104 0.219288 -0.070036 0.079441 0.219004 -0.065614 0.079441 0.229680 
t -0.070036 0.079441 0.219004 -0.065614 0.079441 0.229680 -0.066432 0.091104 0.230097 
t -0.073640 0.091104 0.207912 -0.072734 0.079441 0.207768 -0.070036 0.079441 0.219004 
t -0.072734 0.079441 0.207768 -0.070036 0.079441 0.219004 -0.070909 0.091104 0.219288 
t -0.074558 0.091104 0.196248 -0.073640 0.079441 0.196248 -0.072734 0.079441 0.207768 
t -0.073640 0.079441 0.196248 -0.072734 0.079441 0.207768 -0.073640 0.091104 0.207912 
t -0.073640 0.091104 0.184585 -0.072734 0.079441 0.184728 -0.073640 0.079441 0.196248 
t -0.072734 0.079441 0.184728 -0.073640 0.079441 0.196248 -0.074558 0.091104 0.196248 
t -0.070909 0.091104 0.173208 -0.070036 0.079441 0.173492 -0.072734 0.079441 0.184728 
t -0.070036 0.079441 0.173492 -0.072734 0.079441 0.184728 -0.073640 0.091104 0.184585 
t -0.066432 0.091104 0.162399 -0.065614 0.079441 0.162816 -0.070036 0.079441 0.173492 
t -0.065614 0.079441 0.162816 -0.070036 0.079441 0.173492 -0.070909 0.091104 0.173208 
t -0.060319 0.091104 0.152424 -0.059576 0.079441 0.152963 -0.065614 0.079441 0.162816 
t -0.059576 0.079441 0.152963 -0.065614 0.079441 0.162816 -0.066432 0.091104 0.162399 
t -0.052721 0.091104 0.143528 -0.052072 0.079441 0.144177 -0.059576 0.079441 0.152963 
t -0.052072 0.079441 0.144177 -0.059576 0.079441 0.152963 -0.060319 0.091104 0.152424 
t -0.043824 0.091104 0.135929 -0.043285 0.079441 0.136672 -0.052072 0.079441 0.144177 
t -0.043285 0.079441 0.136672 -0.052072 0.079441 0.144177 -0.052721 0.091104 0.143528 
t -0.033849 0.091104 0.129816 -0.033432 0.079441 0.130634 -0.043285 0.079441 0.136672 
t -0.033432 0.079441 0.130634 -0.043285 0.079441 0.136672 -0.043824 0.091104 0.135929 
t -0.023040 0.091104 0.125339 -0.022756 0.079441 0.126212 -0.033432 0.079441 0.130634 
t -0.022756 0.079441 0.126212 -0.033432 0.079441 0.130634 -0.033849 0.091104 0.129816 
t -0.011664 0.091104 0.122608 -0.011520 0.079441 0.123514 -0.022756 0.079441 0.126212 
t -0.011520 0.079441 0.123514 -0.022756 0.079441 0.126212 -0.023040 0.091104 0.125339 
t 0.000000 0.091104 0.121690 0.000000 0.079441 0.122608 -0.011520 0.079441 0.123514 
t 0.000000 0.079441 0.122608 -0.011520 0.079441 0.123514 -0.011664 0.091104 0.122608 
t 0.104650 0.014903 0.236996 0.104650 -0.022819 0.236996 0.454545 -0.022819 0.092635 
t 0.104650 -0.022819 0.236996 0.454545 -0.022819 0.092635 0.454545 0.014903 0.092635 
t 0.454545 0.014903 -0.071338 0.454545 -0.022819 -0.071338 0.104650 -0.022819 -0.023528 
t 0.454545 -0.022819 -0.071338 0.104650 -0.022819 -0.023528 0.104650 0.014903 -0.023528 
t 0.454545 0.014903 0.092635 0.454545 -0.022819 0.092635 0.454545 -0.022819 -0.071338 
t 0.454545 -0.022819 0.092635 0.454545 -0.022819 -0.071338 0.454545 0.014903 -0.071338 
t 0.104650 0.014903 -0.023528 0.104650 0.014903 0.236996 0.454545 0.014903 0.092635 
t 0.104650 0.014903 0.236996 0.454545 0.014903 0.092635 0.454545 0.014903 -0.071338 
t 0.104650 0.014903 -0.023528 0.104650 -0.022819 -0.023528 0.104650 -0.022819 0.236996 
t 0.104650 -0.022819 -0.023528 0.104650 -0.022819 0.236996 0.104650 0.014903 0.236996 
t 0.104650 -0.022819 0.236996 0.104650 -0.022819 -0.023528 0.454545 -0.022819 -0.071338 
t 0.104650 -0.022819 -0.023528 0.454545 -0.022819 -0.071338 0.454545 -0.022819 0.092635 
t -0.104651 -0.022814 0.236996 -0.104649 0.014909 0.236996 -0.454544 0.014927 0.092635 
t -0.104649 0.014909 0.236996 -0.454544 0.014927 0.092635 -0.454546 -0.022796 0.092635 
t -0.454546 -0.022796 -0.071338 -0.454544 0.014927 -0.071338 -0.104649 0.014909 -0.023528 
t -0.454544 0.014927 -0.071338 -0.104649 0.014909 -0.023528 -0.104651 -0.022814 -0.023528 
t -0.454546 -0.022796 0.092635 -0.454544 0.014927 0.092635 -0.454544 0.014927 -0.071338 
t -0.454544 0.014927 0.092635 -0.454544 0.014927 -0.071338 -0.454546 -0.022796 -0.071338 
t -0.104651 -0.022814 -0.023528 -0.104651 -0.022814 0.236996 -0.454546 -0.022796 0.092635 
t -0.104651 -0.022814 0.236996 -0.454546 -0.022796 0.092635 -0.454546 -0.022796 -0.071338 
t -0.104651 -0.022814 -0.023528 -0.104649 0.014909 -0.023528 -0.104649 0.014909 0.236996 
t -0.104649 0.014909 -0.023528 -0.104649 0.014909 0.236996 -0.104651 -0.022814 0.236996 
t -0.104649 0.014909 0.236996 -0.104649 0.014909 -0.023528 -0.454544 0.014927 -0.071338 
t -0.104649 0.014909 -0.023528 -0.454544 0.014927 -0.071338 -0.454544 0.014927 0.092635 
