t 0.000000 0.000000 0.000000 2.000000 2.000000 1.000000 0.000000 0.000000 1.000000 0.000000 0.000000 1.000000 0.000000 0.000000 1.000000
t -0.2000000 -0.46000000 0.000000 0.000000 0.000000 -0.16200000 -0.46000000 0.118000000 0.100000 1.000000 -0.2000000 -0.46000000 0.000000 0.000000 1.000000
t -0.16200000 -0.46000000 0.000000 0.000000 0.000000 -0.16200000 -0.46000000 0.118000000 0.100000 0.000000 -0.16200000 0.4000000 0.118000000 0.100000 1.000000
t -0.16200000 -0.46000000 0.118000000 0.100000 0.000000 -0.062000000 0.4000000 0.19000000 0.200000 1.000000 -0.16200000 0.4000000 0.118000000 0.100000 1.000000
t -0.16200000 -0.46000000 0.118000000 0.100000 0.000000 -0.062000000 -0.46000000 0.19000000 0.200000 0.000000 -0.062000000 0.4000000 0.19000000 0.200000 1.000000
t -0.062000000 -0.46000000 0.19000000 0.200000 0.000000 0.06000000 0.4000000 0.19000000 0.300000 1.000000 -0.062000000 0.4000000 0.19000000 0.200000 1.000000
t -0.062000000 -0.46000000 0.19000000 0.200000 0.000000 0.06000000 -0.46000000 0.19000000 0.300000 0.000000 0.06000000 0.4000000 0.19000000 0.300000 1.000000
t 0.06000000 -0.46000000 0.19000000 0.300000 0.000000 0.162000000 0.4000000 0.118000000 0.400000 1.000000 0.06000000 0.4000000 0.19000000 0.300000 1.000000
t 0.06000000 -0.46000000 0.19000000 0.300000 0.000000 0.162000000 -0.46000000 0.118000000 0.400000 0.000000 0.162000000 0.4000000 0.118000000 0.400000 1.000000
t 0.162000000 -0.46000000 0.118000000 0.400000 0.000000 0.2000000 0.4000000 0.000000 0.500000 1.000000 0.162000000 0.4000000 0.118000000 0.400000 1.000000
t 0.162000000 -0.46000000 0.118000000 0.400000 0.000000 0.2000000 -0.46000000 0.000000 0.500000 0.000000 0.2000000 0.4000000 0.000000 0.500000 1.000000
t 0.2000000 -0.46000000 0.000000 0.500000 0.000000 0.162000000 0.4000000 -0.118000000 0.600000 1.000000 0.2000000 0.4000000 0.000000 0.500000 1.000000
t 0.2000000 -0.46000000 0.000000 0.500000 0.000000 0.162000000 -0.46000000 -0.118000000 0.600000 0.000000 0.162000000 0.4000000 -0.118000000 0.600000 1.000000
t 0.162000000 -0.46000000 -0.118000000 0.600000 0.000000 0.06000000 0.4000000 -0.19000000 0.700000 1.000000 0.162000000 0.4000000 -0.118000000 0.600000 1.000000
t 0.162000000 -0.46000000 -0.118000000 0.600000 0.000000 0.06000000 -0.46000000 -0.19000000 0.700000 0.000000 0.06000000 0.4000000 -0.19000000 0.700000 1.000000
t 0.06000000 -0.46000000 -0.19000000 0.700000 0.000000 -0.062000000 0.4000000 -0.19000000 0.800000 1.000000 0.06000000 0.4000000 -0.19000000 0.700000 1.000000
t 0.06000000 -0.46000000 -0.19000000 0.700000 0.000000 -0.062000000 -0.46000000 -0.19000000 0.800000 0.000000 -0.062000000 0.4000000 -0.19000000 0.800000 1.000000
t -0.062000000 -0.46000000 -0.19000000 0.800000 0.000000 -0.16200000 0.4000000 -0.118000000 0.900000 1.000000 -0.062000000 0.4000000 -0.19000000 0.800000 1.000000
t -0.062000000 -0.46000000 -0.19000000 0.800000 0.000000 -0.16200000 -0.46000000 -0.118000000 0.900000 0.000000 -0.16200000 0.4000000 -0.118000000 0.900000 1.000000
t -0.16200000 -0.46000000 -0.118000000 0.900000 0.000000 -0.2000000 0.4000000 0.000000 1.000000 1.000000 -0.16200000 0.4000000 -0.118000000 0.900000 1.000000
t -0.16200000 -0.46000000 -0.118000000 0.900000 0.000000 -0.2000000 -0.46000000 0.000000 1.000000 0.000000 -0.2000000 0.4000000 0.000000 1.000000 1.000000
