t 0.202659 0.166615 0.078227 0.205462 0.155130 0.079419 0.222341 0.155130 -0.006064 
t 0.222341 0.155130 -0.006064 0.219302 0.166615 -0.006064 0.202659 0.166615 0.078227 
t 0.205910 0.170443 0.079610 0.202659 0.166615 0.078227 0.219302 0.166615 -0.006064 
t 0.219302 0.166615 -0.006064 0.222827 0.170443 -0.006064 0.205910 0.170443 0.079610 
t 0.212525 0.166615 0.082425 0.205910 0.170443 0.079610 0.222827 0.170443 -0.006064 
t 0.222827 0.170443 -0.006064 0.229998 0.166615 -0.006064 0.212525 0.166615 0.082425 
t 0.219813 0.155130 0.085525 0.212525 0.166615 0.082425 0.229998 0.166615 -0.006064 
t 0.229998 0.166615 -0.006064 0.237898 0.155130 -0.006064 0.219813 0.155130 0.085525 
t 0.157024 0.166615 0.146412 0.159181 0.155130 0.148569 0.205462 0.155130 0.079419 
t 0.205462 0.155130 0.079419 0.202659 0.166615 0.078227 0.157024 0.166615 0.146412 
t 0.159526 0.170443 0.148914 0.157024 0.166615 0.146412 0.202659 0.166615 0.078227 
t 0.202659 0.166615 0.078227 0.205910 0.170443 0.079610 0.159526 0.170443 0.148914 
t 0.164617 0.166615 0.154005 0.159526 0.170443 0.148914 0.205910 0.170443 0.079610 
t 0.205910 0.170443 0.079610 0.212525 0.166615 0.082425 0.164617 0.166615 0.154005 
t 0.170226 0.155130 0.159614 0.164617 0.166615 0.154005 0.212525 0.166615 0.082425 
t 0.212525 0.166615 0.082425 0.219813 0.155130 0.085525 0.170226 0.155130 0.159614 
t 0.088839 0.166615 0.192047 0.090032 0.155130 0.194850 0.159181 0.155130 0.148569 
t 0.159181 0.155130 0.148569 0.157024 0.166615 0.146412 0.088839 0.166615 0.192047 
t 0.090223 0.170443 0.195298 0.088839 0.166615 0.192047 0.157024 0.166615 0.146412 
t 0.157024 0.166615 0.146412 0.159526 0.170443 0.148914 0.090223 0.170443 0.195298 
t 0.093037 0.166615 0.201913 0.090223 0.170443 0.195298 0.159526 0.170443 0.148914 
t 0.159526 0.170443 0.148914 0.164617 0.166615 0.154005 0.093037 0.166615 0.201913 
t 0.096138 0.155130 0.209201 0.093037 0.166615 0.201913 0.164617 0.166615 0.154005 
t 0.164617 0.166615 0.154005 0.170226 0.155130 0.159614 0.096138 0.155130 0.209201 
t 0.004548 0.166615 0.208691 0.004548 0.155130 0.211729 0.090032 0.155130 0.194850 
t 0.090032 0.155130 0.194850 0.088839 0.166615 0.192047 0.004548 0.166615 0.208691 
t 0.004548 0.170443 0.212215 0.004548 0.166615 0.208691 0.088839 0.166615 0.192047 
t 0.088839 0.166615 0.192047 0.090223 0.170443 0.195298 0.004548 0.170443 0.212215 
t 0.004548 0.166615 0.219385 0.004548 0.170443 0.212215 0.090223 0.170443 0.195298 
t 0.090223 0.170443 0.195298 0.093037 0.166615 0.201913 0.004548 0.166615 0.219385 
t 0.004548 0.155130 0.227285 0.004548 0.166615 0.219385 0.093037 0.166615 0.201913 
t 0.093037 0.166615 0.201913 0.096138 0.155130 0.209201 0.004548 0.155130 0.227285 
t -0.082235 0.166615 0.192047 -0.086842 0.155130 0.194850 0.004548 0.155130 0.211729 
t 0.004548 0.155130 0.211729 0.004548 0.166615 0.208691 -0.082235 0.166615 0.192047 
t -0.081865 0.170443 0.195298 -0.082235 0.166615 0.192047 0.004548 0.166615 0.208691 
t 0.004548 0.166615 0.208691 0.004548 0.170443 0.212215 -0.081865 0.170443 0.195298 
t -0.084033 0.166615 0.201913 -0.081865 0.170443 0.195298 0.004548 0.170443 0.212215 
t 0.004548 0.170443 0.212215 0.004548 0.166615 0.219385 -0.084033 0.166615 0.201913 
t -0.087041 0.155130 0.209201 -0.084033 0.166615 0.201913 0.004548 0.166615 0.219385 
t 0.004548 0.166615 0.219385 0.004548 0.155130 0.227285 -0.087041 0.155130 0.209201 
t -0.150143 0.166615 0.146412 -0.155335 0.155130 0.148569 -0.086842 0.155130 0.194850 
t -0.086842 0.155130 0.194850 -0.082235 0.166615 0.192047 -0.150143 0.166615 0.146412 
t -0.151086 0.170443 0.148914 -0.150143 0.166615 0.146412 -0.082235 0.166615 0.192047 
t -0.082235 0.166615 0.192047 -0.081865 0.170443 0.195298 -0.151086 0.170443 0.148914 
t -0.155603 0.166615 0.154005 -0.151086 0.170443 0.148914 -0.081865 0.170443 0.195298 
t -0.081865 0.170443 0.195298 -0.084033 0.166615 0.201913 -0.155603 0.166615 0.154005 
t -0.161130 0.155130 0.159614 -0.155603 0.166615 0.154005 -0.084033 0.166615 0.201913 
t -0.084033 0.166615 0.201913 -0.087041 0.155130 0.209201 -0.161130 0.155130 0.159614 
t -0.194393 0.166615 0.078227 -0.198335 0.155130 0.079419 -0.155335 0.155130 0.148569 
t -0.155335 0.155130 0.148569 -0.150143 0.166615 0.146412 -0.194393 0.166615 0.078227 
t -0.197060 0.170443 0.079610 -0.194393 0.166615 0.078227 -0.150143 0.166615 0.146412 
t -0.150143 0.166615 0.146412 -0.151086 0.170443 0.148914 -0.197060 0.170443 0.079610 
t -0.203460 0.166615 0.082425 -0.197060 0.170443 0.079610 -0.151086 0.170443 0.148914 
t -0.151086 0.170443 0.148914 -0.155603 0.166615 0.154005 -0.203460 0.166615 0.082425 
t -0.210717 0.155130 0.085525 -0.203460 0.166615 0.082425 -0.155603 0.166615 0.154005 
t -0.155603 0.166615 0.154005 -0.161130 0.155130 0.159614 -0.210717 0.155130 0.085525 
t -0.210207 0.166615 -0.006064 -0.213245 0.155130 -0.006064 -0.198335 0.155130 0.079419 
t -0.198335 0.155130 0.079419 -0.194393 0.166615 0.078227 -0.210207 0.166615 -0.006064 
t -0.213731 0.170443 -0.006064 -0.210207 0.166615 -0.006064 -0.194393 0.166615 0.078227 
t -0.194393 0.166615 0.078227 -0.197060 0.170443 0.079610 -0.213731 0.170443 -0.006064 
t -0.220901 0.166615 -0.006064 -0.213731 0.170443 -0.006064 -0.197060 0.170443 0.079610 
t -0.197060 0.170443 0.079610 -0.203460 0.166615 0.082425 -0.220901 0.166615 -0.006064 
t -0.228801 0.155130 -0.006064 -0.220901 0.166615 -0.006064 -0.203460 0.166615 0.082425 
t -0.203460 0.166615 0.082425 -0.210717 0.155130 0.085525 -0.228801 0.155130 -0.006064 
t -0.193563 0.166615 -0.090355 -0.196366 0.155130 -0.091548 -0.213245 0.155130 -0.006064 
t -0.213245 0.155130 -0.006064 -0.210207 0.166615 -0.006064 -0.193563 0.166615 -0.090355 
t -0.196815 0.170443 -0.091739 -0.193563 0.166615 -0.090355 -0.210207 0.166615 -0.006064 
t -0.210207 0.166615 -0.006064 -0.213731 0.170443 -0.006064 -0.196815 0.170443 -0.091739 
t -0.203430 0.166615 -0.094553 -0.196815 0.170443 -0.091739 -0.213731 0.170443 -0.006064 
t -0.213731 0.170443 -0.006064 -0.220901 0.166615 -0.006064 -0.203430 0.166615 -0.094553 
t -0.210717 0.155130 -0.097654 -0.203430 0.166615 -0.094553 -0.220901 0.166615 -0.006064 
t -0.220901 0.166615 -0.006064 -0.228801 0.155130 -0.006064 -0.210717 0.155130 -0.097654 
t -0.147928 0.166615 -0.158540 -0.150085 0.155130 -0.160697 -0.196366 0.155130 -0.091548 
t -0.196366 0.155130 -0.091548 -0.193563 0.166615 -0.090355 -0.147928 0.166615 -0.158540 
t -0.150430 0.170443 -0.161042 -0.147928 0.166615 -0.158540 -0.193563 0.166615 -0.090355 
t -0.193563 0.166615 -0.090355 -0.196815 0.170443 -0.091739 -0.150430 0.170443 -0.161042 
t -0.155521 0.166615 -0.166133 -0.150430 0.170443 -0.161042 -0.196815 0.170443 -0.091739 
t -0.196815 0.170443 -0.091739 -0.203430 0.166615 -0.094553 -0.155521 0.166615 -0.166133 
t -0.161130 0.155130 -0.171742 -0.155521 0.166615 -0.166133 -0.203430 0.166615 -0.094553 
t -0.203430 0.166615 -0.094553 -0.210717 0.155130 -0.097654 -0.161130 0.155130 -0.171742 
t -0.079743 0.166615 -0.204175 -0.080935 0.155130 -0.206978 -0.150085 0.155130 -0.160697 
t -0.150085 0.155130 -0.160697 -0.147928 0.166615 -0.158540 -0.079743 0.166615 -0.204175 
t -0.081126 0.170443 -0.207426 -0.079743 0.166615 -0.204175 -0.147928 0.166615 -0.158540 
t -0.147928 0.166615 -0.158540 -0.150430 0.170443 -0.161042 -0.081126 0.170443 -0.207426 
t -0.083941 0.166615 -0.214041 -0.081126 0.170443 -0.207426 -0.150430 0.170443 -0.161042 
t -0.150430 0.170443 -0.161042 -0.155521 0.166615 -0.166133 -0.083941 0.166615 -0.214041 
t -0.087041 0.155130 -0.221329 -0.083941 0.166615 -0.214041 -0.155521 0.166615 -0.166133 
t -0.155521 0.166615 -0.166133 -0.161130 0.155130 -0.171742 -0.087041 0.155130 -0.221329 
t 0.004548 0.166615 -0.220818 0.004548 0.155130 -0.223857 -0.080935 0.155130 -0.206978 
t -0.080935 0.155130 -0.206978 -0.079743 0.166615 -0.204175 0.004548 0.166615 -0.220818 
t 0.004548 0.170443 -0.224343 0.004548 0.166615 -0.220818 -0.079743 0.166615 -0.204175 
t -0.079743 0.166615 -0.204175 -0.081126 0.170443 -0.207426 0.004548 0.170443 -0.224343 
t 0.004548 0.166615 -0.231514 0.004548 0.170443 -0.224343 -0.081126 0.170443 -0.207426 
t -0.081126 0.170443 -0.207426 -0.083941 0.166615 -0.214041 0.004548 0.166615 -0.231514 
t 0.004548 0.155130 -0.239414 0.004548 0.166615 -0.231514 -0.083941 0.166615 -0.214041 
t -0.083941 0.166615 -0.214041 -0.087041 0.155130 -0.221329 0.004548 0.155130 -0.239414 
t 0.088839 0.166615 -0.204175 0.090032 0.155130 -0.206978 0.004548 0.155130 -0.223857 
t 0.004548 0.155130 -0.223857 0.004548 0.166615 -0.220818 0.088839 0.166615 -0.204175 
t 0.090223 0.170443 -0.207426 0.088839 0.166615 -0.204175 0.004548 0.166615 -0.220818 
t 0.004548 0.166615 -0.220818 0.004548 0.170443 -0.224343 0.090223 0.170443 -0.207426 
t 0.093037 0.166615 -0.214041 0.090223 0.170443 -0.207426 0.004548 0.170443 -0.224343 
t 0.004548 0.170443 -0.224343 0.004548 0.166615 -0.231514 0.093037 0.166615 -0.214041 
t 0.096138 0.155130 -0.221329 0.093037 0.166615 -0.214041 0.004548 0.166615 -0.231514 
t 0.004548 0.166615 -0.231514 0.004548 0.155130 -0.239414 0.096138 0.155130 -0.221329 
t 0.157024 0.166615 -0.158540 0.159181 0.155130 -0.160697 0.090032 0.155130 -0.206978 
t 0.090032 0.155130 -0.206978 0.088839 0.166615 -0.204175 0.157024 0.166615 -0.158540 
t 0.159526 0.170443 -0.161042 0.157024 0.166615 -0.158540 0.088839 0.166615 -0.204175 
t 0.088839 0.166615 -0.204175 0.090223 0.170443 -0.207426 0.159526 0.170443 -0.161042 
t 0.164617 0.166615 -0.166133 0.159526 0.170443 -0.161042 0.090223 0.170443 -0.207426 
t 0.090223 0.170443 -0.207426 0.093037 0.166615 -0.214041 0.164617 0.166615 -0.166133 
t 0.170226 0.155130 -0.171742 0.164617 0.166615 -0.166133 0.093037 0.166615 -0.214041 
t 0.093037 0.166615 -0.214041 0.096138 0.155130 -0.221329 0.170226 0.155130 -0.171742 
t 0.202659 0.166615 -0.090355 0.205462 0.155130 -0.091548 0.159181 0.155130 -0.160697 
t 0.159181 0.155130 -0.160697 0.157024 0.166615 -0.158540 0.202659 0.166615 -0.090355 
t 0.205910 0.170443 -0.091739 0.202659 0.166615 -0.090355 0.157024 0.166615 -0.158540 
t 0.157024 0.166615 -0.158540 0.159526 0.170443 -0.161042 0.205910 0.170443 -0.091739 
t 0.212525 0.166615 -0.094553 0.205910 0.170443 -0.091739 0.159526 0.170443 -0.161042 
t 0.159526 0.170443 -0.161042 0.164617 0.166615 -0.166133 0.212525 0.166615 -0.094553 
t 0.219813 0.155130 -0.097654 0.212525 0.166615 -0.094553 0.164617 0.166615 -0.166133 
t 0.164617 0.166615 -0.166133 0.170226 0.155130 -0.171742 0.219813 0.155130 -0.097654 
t 0.219302 0.166615 -0.006064 0.222341 0.155130 -0.006064 0.205462 0.155130 -0.091548 
t 0.205462 0.155130 -0.091548 0.202659 0.166615 -0.090355 0.219302 0.166615 -0.006064 
t 0.222827 0.170443 -0.006064 0.219302 0.166615 -0.006064 0.202659 0.166615 -0.090355 
t 0.202659 0.166615 -0.090355 0.205910 0.170443 -0.091739 0.222827 0.170443 -0.006064 
t 0.229998 0.166615 -0.006064 0.222827 0.170443 -0.006064 0.205910 0.170443 -0.091739 
t 0.205910 0.170443 -0.091739 0.212525 0.166615 -0.094553 0.229998 0.166615 -0.006064 
t 0.237898 0.155130 -0.006064 0.229998 0.166615 -0.006064 0.212525 0.166615 -0.094553 
t 0.212525 0.166615 -0.094553 0.219813 0.155130 -0.097654 0.237898 0.155130 -0.006064 
t 0.246161 0.094058 0.096736 0.219813 0.155130 0.085525 0.237898 0.155130 -0.006064 
t 0.237898 0.155130 -0.006064 0.266459 0.094058 -0.006064 0.246161 0.094058 0.096736 
t 0.269145 0.034080 0.106515 0.246161 0.094058 0.096736 0.266459 0.094058 -0.006064 
t 0.266459 0.094058 -0.006064 0.291373 0.034080 -0.006064 0.269145 0.034080 0.106515 
t 0.285402 -0.023711 0.113432 0.269145 0.034080 0.106515 0.291373 0.034080 -0.006064 
t 0.291373 0.034080 -0.006064 0.308996 -0.023711 -0.006064 0.285402 -0.023711 0.113432 
t 0.291568 -0.078220 0.116055 0.285402 -0.023711 0.113432 0.308996 -0.023711 -0.006064 
t 0.308996 -0.023711 -0.006064 0.315681 -0.078220 -0.006064 0.291568 -0.078220 0.116055 
t 0.190504 0.094058 0.179892 0.170226 0.155130 0.159614 0.219813 0.155130 0.085525 
t 0.219813 0.155130 0.085525 0.246161 0.094058 0.096736 0.190504 0.094058 0.179892 
t 0.208194 0.034080 0.197582 0.190504 0.094058 0.179892 0.246161 0.094058 0.096736 
t 0.246161 0.094058 0.096736 0.269145 0.034080 0.106515 0.208194 0.034080 0.197582 
t 0.220706 -0.023711 0.210094 0.208194 0.034080 0.197582 0.269145 0.034080 0.106515 
t 0.269145 0.034080 0.106515 0.285402 -0.023711 0.113432 0.220706 -0.023711 0.210094 
t 0.225452 -0.078220 0.214840 0.220706 -0.023711 0.210094 0.285402 -0.023711 0.113432 
t 0.285402 -0.023711 0.113432 0.291568 -0.078220 0.116055 0.225452 -0.078220 0.214840 
t 0.107348 0.094058 0.235548 0.096138 0.155130 0.209201 0.170226 0.155130 0.159614 
t 0.170226 0.155130 0.159614 0.190504 0.094058 0.179892 0.107348 0.094058 0.235548 
t 0.117127 0.034080 0.258532 0.107348 0.094058 0.235548 0.190504 0.094058 0.179892 
t 0.190504 0.094058 0.179892 0.208194 0.034080 0.197582 0.117127 0.034080 0.258532 
t 0.124044 -0.023711 0.274789 0.117127 0.034080 0.258532 0.208194 0.034080 0.197582 
t 0.208194 0.034080 0.197582 0.220706 -0.023711 0.210094 0.124044 -0.023711 0.274789 
t 0.126668 -0.078220 0.280956 0.124044 -0.023711 0.274789 0.220706 -0.023711 0.210094 
t 0.220706 -0.023711 0.210094 0.225452 -0.078220 0.214840 0.126668 -0.078220 0.280956 
t 0.004548 0.094058 0.255846 0.004548 0.155130 0.227285 0.096138 0.155130 0.209201 
t 0.096138 0.155130 0.209201 0.107348 0.094058 0.235548 0.004548 0.094058 0.255846 
t 0.004548 0.034080 0.280761 0.004548 0.094058 0.255846 0.107348 0.094058 0.235548 
t 0.107348 0.094058 0.235548 0.117127 0.034080 0.258532 0.004548 0.034080 0.280761 
t 0.004548 -0.023711 0.298384 0.004548 0.034080 0.280761 0.117127 0.034080 0.258532 
t 0.117127 0.034080 0.258532 0.124044 -0.023711 0.274789 0.004548 -0.023711 0.298384 
t 0.004548 -0.078220 0.305069 0.004548 -0.023711 0.298384 0.124044 -0.023711 0.274789 
t 0.124044 -0.023711 0.274789 0.126668 -0.078220 0.280956 0.004548 -0.078220 0.305069 
t -0.098252 0.094058 0.235548 -0.087041 0.155130 0.209201 0.004548 0.155130 0.227285 
t 0.004548 0.155130 0.227285 0.004548 0.094058 0.255846 -0.098252 0.094058 0.235548 
t -0.108031 0.034080 0.258532 -0.098252 0.094058 0.235548 0.004548 0.094058 0.255846 
t 0.004548 0.094058 0.255846 0.004548 0.034080 0.280761 -0.108031 0.034080 0.258532 
t -0.114948 -0.023711 0.274789 -0.108031 0.034080 0.258532 0.004548 0.034080 0.280761 
t 0.004548 0.034080 0.280761 0.004548 -0.023711 0.298384 -0.114948 -0.023711 0.274789 
t -0.117571 -0.078220 0.280956 -0.114948 -0.023711 0.274789 0.004548 -0.023711 0.298384 
t 0.004548 -0.023711 0.298384 0.004548 -0.078220 0.305069 -0.117571 -0.078220 0.280956 
t -0.181409 0.094058 0.179892 -0.161130 0.155130 0.159614 -0.087041 0.155130 0.209201 
t -0.087041 0.155130 0.209201 -0.098252 0.094058 0.235548 -0.181409 0.094058 0.179892 
t -0.199098 0.034080 0.197582 -0.181409 0.094058 0.179892 -0.098252 0.094058 0.235548 
t -0.098252 0.094058 0.235548 -0.108031 0.034080 0.258532 -0.199098 0.034080 0.197582 
t -0.211610 -0.023711 0.210094 -0.199098 0.034080 0.197582 -0.108031 0.034080 0.258532 
t -0.108031 0.034080 0.258532 -0.114948 -0.023711 0.274789 -0.211610 -0.023711 0.210094 
t -0.216356 -0.078220 0.214840 -0.211610 -0.023711 0.210094 -0.114948 -0.023711 0.274789 
t -0.114948 -0.023711 0.274789 -0.117571 -0.078220 0.280956 -0.216356 -0.078220 0.214840 
t -0.237064 0.094058 0.096736 -0.210717 0.155130 0.085525 -0.161130 0.155130 0.159614 
t -0.161130 0.155130 0.159614 -0.181409 0.094058 0.179892 -0.237064 0.094058 0.096736 
t -0.260048 0.034080 0.106515 -0.237064 0.094058 0.096736 -0.181409 0.094058 0.179892 
t -0.181409 0.094058 0.179892 -0.199098 0.034080 0.197582 -0.260048 0.034080 0.106515 
t -0.276305 -0.023711 0.113432 -0.260048 0.034080 0.106515 -0.199098 0.034080 0.197582 
t -0.199098 0.034080 0.197582 -0.211610 -0.023711 0.210094 -0.276305 -0.023711 0.113432 
t -0.282472 -0.078220 0.116055 -0.276305 -0.023711 0.113432 -0.211610 -0.023711 0.210094 
t -0.211610 -0.023711 0.210094 -0.216356 -0.078220 0.214840 -0.282472 -0.078220 0.116055 
t -0.257362 0.094058 -0.006064 -0.228801 0.155130 -0.006064 -0.210717 0.155130 0.085525 
t -0.210717 0.155130 0.085525 -0.237064 0.094058 0.096736 -0.257362 0.094058 -0.006064 
t -0.282278 0.034080 -0.006064 -0.257362 0.094058 -0.006064 -0.237064 0.094058 0.096736 
t -0.237064 0.094058 0.096736 -0.260048 0.034080 0.106515 -0.282278 0.034080 -0.006064 
t -0.299900 -0.023711 -0.006064 -0.282278 0.034080 -0.006064 -0.260048 0.034080 0.106515 
t -0.260048 0.034080 0.106515 -0.276305 -0.023711 0.113432 -0.299900 -0.023711 -0.006064 
t -0.306585 -0.078220 -0.006064 -0.299900 -0.023711 -0.006064 -0.276305 -0.023711 0.113432 
t -0.276305 -0.023711 0.113432 -0.282472 -0.078220 0.116055 -0.306585 -0.078220 -0.006064 
t -0.237064 0.094058 -0.108864 -0.210717 0.155130 -0.097654 -0.228801 0.155130 -0.006064 
t -0.228801 0.155130 -0.006064 -0.257362 0.094058 -0.006064 -0.237064 0.094058 -0.108864 
t -0.260048 0.034080 -0.118643 -0.237064 0.094058 -0.108864 -0.257362 0.094058 -0.006064 
t -0.257362 0.094058 -0.006064 -0.282278 0.034080 -0.006064 -0.260048 0.034080 -0.118643 
t -0.276305 -0.023711 -0.125560 -0.260048 0.034080 -0.118643 -0.282278 0.034080 -0.006064 
t -0.282278 0.034080 -0.006064 -0.299900 -0.023711 -0.006064 -0.276305 -0.023711 -0.125560 
t -0.282472 -0.078220 -0.128184 -0.276305 -0.023711 -0.125560 -0.299900 -0.023711 -0.006064 
t -0.299900 -0.023711 -0.006064 -0.306585 -0.078220 -0.006064 -0.282472 -0.078220 -0.128184 
t -0.181409 0.094058 -0.192020 -0.161130 0.155130 -0.171742 -0.210717 0.155130 -0.097654 
t -0.210717 0.155130 -0.097654 -0.237064 0.094058 -0.108864 -0.181409 0.094058 -0.192020 
t -0.199098 0.034080 -0.209710 -0.181409 0.094058 -0.192020 -0.237064 0.094058 -0.108864 
t -0.237064 0.094058 -0.108864 -0.260048 0.034080 -0.118643 -0.199098 0.034080 -0.209710 
t -0.211610 -0.023711 -0.222222 -0.199098 0.034080 -0.209710 -0.260048 0.034080 -0.118643 
t -0.260048 0.034080 -0.118643 -0.276305 -0.023711 -0.125560 -0.211610 -0.023711 -0.222222 
t -0.216356 -0.078220 -0.226968 -0.211610 -0.023711 -0.222222 -0.276305 -0.023711 -0.125560 
t -0.276305 -0.023711 -0.125560 -0.282472 -0.078220 -0.128184 -0.216356 -0.078220 -0.226968 
t -0.098252 0.094058 -0.247677 -0.087041 0.155130 -0.221329 -0.161130 0.155130 -0.171742 
t -0.161130 0.155130 -0.171742 -0.181409 0.094058 -0.192020 -0.098252 0.094058 -0.247677 
t -0.108031 0.034080 -0.270661 -0.098252 0.094058 -0.247677 -0.181409 0.094058 -0.192020 
t -0.181409 0.094058 -0.192020 -0.199098 0.034080 -0.209710 -0.108031 0.034080 -0.270661 
t -0.114948 -0.023711 -0.286918 -0.108031 0.034080 -0.270661 -0.199098 0.034080 -0.209710 
t -0.199098 0.034080 -0.209710 -0.211610 -0.023711 -0.222222 -0.114948 -0.023711 -0.286918 
t -0.117571 -0.078220 -0.293084 -0.114948 -0.023711 -0.286918 -0.211610 -0.023711 -0.222222 
t -0.211610 -0.023711 -0.222222 -0.216356 -0.078220 -0.226968 -0.117571 -0.078220 -0.293084 
t 0.004548 0.094058 -0.267975 0.004548 0.155130 -0.239414 -0.087041 0.155130 -0.221329 
t -0.087041 0.155130 -0.221329 -0.098252 0.094058 -0.247677 0.004548 0.094058 -0.267975 
t 0.004548 0.034080 -0.292889 0.004548 0.094058 -0.267975 -0.098252 0.094058 -0.247677 
t -0.098252 0.094058 -0.247677 -0.108031 0.034080 -0.270661 0.004548 0.034080 -0.292889 
t 0.004548 -0.023711 -0.310512 0.004548 0.034080 -0.292889 -0.108031 0.034080 -0.270661 
t -0.108031 0.034080 -0.270661 -0.114948 -0.023711 -0.286918 0.004548 -0.023711 -0.310512 
t 0.004548 -0.078220 -0.317197 0.004548 -0.023711 -0.310512 -0.114948 -0.023711 -0.286918 
t -0.114948 -0.023711 -0.286918 -0.117571 -0.078220 -0.293084 0.004548 -0.078220 -0.317197 
t 0.107348 0.094058 -0.247677 0.096138 0.155130 -0.221329 0.004548 0.155130 -0.239414 
t 0.004548 0.155130 -0.239414 0.004548 0.094058 -0.267975 0.107348 0.094058 -0.247677 
t 0.117127 0.034080 -0.270661 0.107348 0.094058 -0.247677 0.004548 0.094058 -0.267975 
t 0.004548 0.094058 -0.267975 0.004548 0.034080 -0.292889 0.117127 0.034080 -0.270661 
t 0.124044 -0.023711 -0.286918 0.117127 0.034080 -0.270661 0.004548 0.034080 -0.292889 
t 0.004548 0.034080 -0.292889 0.004548 -0.023711 -0.310512 0.124044 -0.023711 -0.286918 
t 0.126668 -0.078220 -0.293084 0.124044 -0.023711 -0.286918 0.004548 -0.023711 -0.310512 
t 0.004548 -0.023711 -0.310512 0.004548 -0.078220 -0.317197 0.126668 -0.078220 -0.293084 
t 0.190504 0.094058 -0.192020 0.170226 0.155130 -0.171742 0.096138 0.155130 -0.221329 
t 0.096138 0.155130 -0.221329 0.107348 0.094058 -0.247677 0.190504 0.094058 -0.192020 
t 0.208194 0.034080 -0.209710 0.190504 0.094058 -0.192020 0.107348 0.094058 -0.247677 
t 0.107348 0.094058 -0.247677 0.117127 0.034080 -0.270661 0.208194 0.034080 -0.209710 
t 0.220706 -0.023711 -0.222222 0.208194 0.034080 -0.209710 0.117127 0.034080 -0.270661 
t 0.117127 0.034080 -0.270661 0.124044 -0.023711 -0.286918 0.220706 -0.023711 -0.222222 
t 0.225452 -0.078220 -0.226968 0.220706 -0.023711 -0.222222 0.124044 -0.023711 -0.286918 
t 0.124044 -0.023711 -0.286918 0.126668 -0.078220 -0.293084 0.225452 -0.078220 -0.226968 
t 0.246161 0.094058 -0.108864 0.219813 0.155130 -0.097654 0.170226 0.155130 -0.171742 
t 0.170226 0.155130 -0.171742 0.190504 0.094058 -0.192020 0.246161 0.094058 -0.108864 
t 0.269145 0.034080 -0.118643 0.246161 0.094058 -0.108864 0.190504 0.094058 -0.192020 
t 0.190504 0.094058 -0.192020 0.208194 0.034080 -0.209710 0.269145 0.034080 -0.118643 
t 0.285402 -0.023711 -0.125560 0.269145 0.034080 -0.118643 0.208194 0.034080 -0.209710 
t 0.208194 0.034080 -0.209710 0.220706 -0.023711 -0.222222 0.285402 -0.023711 -0.125560 
t 0.291568 -0.078220 -0.128184 0.285402 -0.023711 -0.125560 0.220706 -0.023711 -0.222222 
t 0.220706 -0.023711 -0.222222 0.225452 -0.078220 -0.226968 0.291568 -0.078220 -0.128184 
t 0.266459 0.094058 -0.006064 0.237898 0.155130 -0.006064 0.219813 0.155130 -0.097654 
t 0.219813 0.155130 -0.097654 0.246161 0.094058 -0.108864 0.266459 0.094058 -0.006064 
t 0.291373 0.034080 -0.006064 0.266459 0.094058 -0.006064 0.246161 0.094058 -0.108864 
t 0.246161 0.094058 -0.108864 0.269145 0.034080 -0.118643 0.291373 0.034080 -0.006064 
t 0.308996 -0.023711 -0.006064 0.291373 0.034080 -0.006064 0.269145 0.034080 -0.118643 
t 0.269145 0.034080 -0.118643 0.285402 -0.023711 -0.125560 0.308996 -0.023711 -0.006064 
t 0.315681 -0.078220 -0.006064 0.308996 -0.023711 -0.006064 0.285402 -0.023711 -0.125560 
t 0.285402 -0.023711 -0.125560 0.291568 -0.078220 -0.128184 0.315681 -0.078220 -0.006064 
t 0.280356 -0.124343 0.111285 0.291568 -0.078220 0.116055 0.315681 -0.078220 -0.006064 
t 0.315681 -0.078220 -0.006064 0.303527 -0.124343 -0.006064 0.280356 -0.124343 0.111285 
t 0.255690 -0.158433 0.100791 0.280356 -0.124343 0.111285 0.303527 -0.124343 -0.006064 
t 0.303527 -0.124343 -0.006064 0.276789 -0.158433 -0.006064 0.255690 -0.158433 0.100791 
t 0.231024 -0.181586 0.090296 0.255690 -0.158433 0.100791 0.276789 -0.158433 -0.006064 
t 0.276789 -0.158433 -0.006064 0.250051 -0.181586 -0.006064 0.231024 -0.181586 0.090296 
t 0.219813 -0.194894 0.085525 0.231024 -0.181586 0.090296 0.250051 -0.181586 -0.006064 
t 0.250051 -0.181586 -0.006064 0.237898 -0.194894 -0.006064 0.219813 -0.194894 0.085525 
t 0.216823 -0.124343 0.206211 0.225452 -0.078220 0.214840 0.291568 -0.078220 0.116055 
t 0.291568 -0.078220 0.116055 0.280356 -0.124343 0.111285 0.216823 -0.124343 0.206211 
t 0.197839 -0.158433 0.187227 0.216823 -0.124343 0.206211 0.280356 -0.124343 0.111285 
t 0.280356 -0.124343 0.111285 0.255690 -0.158433 0.100791 0.197839 -0.158433 0.187227 
t 0.178855 -0.181586 0.168243 0.197839 -0.158433 0.187227 0.255690 -0.158433 0.100791 
t 0.255690 -0.158433 0.100791 0.231024 -0.181586 0.090296 0.178855 -0.181586 0.168243 
t 0.170226 -0.194894 0.159614 0.178855 -0.181586 0.168243 0.231024 -0.181586 0.090296 
t 0.231024 -0.181586 0.090296 0.219813 -0.194894 0.085525 0.170226 -0.194894 0.159614 
t 0.121897 -0.124343 0.269744 0.126668 -0.078220 0.280956 0.225452 -0.078220 0.214840 
t 0.225452 -0.078220 0.214840 0.216823 -0.124343 0.206211 0.121897 -0.124343 0.269744 
t 0.111402 -0.158433 0.245079 0.121897 -0.124343 0.269744 0.216823 -0.124343 0.206211 
t 0.216823 -0.124343 0.206211 0.197839 -0.158433 0.187227 0.111402 -0.158433 0.245079 
t 0.100908 -0.181586 0.220413 0.111402 -0.158433 0.245079 0.197839 -0.158433 0.187227 
t 0.197839 -0.158433 0.187227 0.178855 -0.181586 0.168243 0.100908 -0.181586 0.220413 
t 0.096138 -0.194894 0.209201 0.100908 -0.181586 0.220413 0.178855 -0.181586 0.168243 
t 0.178855 -0.181586 0.168243 0.170226 -0.194894 0.159614 0.096138 -0.194894 0.209201 
t 0.004548 -0.124343 0.292915 0.004548 -0.078220 0.305069 0.126668 -0.078220 0.280956 
t 0.126668 -0.078220 0.280956 0.121897 -0.124343 0.269744 0.004548 -0.124343 0.292915 
t 0.004548 -0.158433 0.266177 0.004548 -0.124343 0.292915 0.121897 -0.124343 0.269744 
t 0.121897 -0.124343 0.269744 0.111402 -0.158433 0.245079 0.004548 -0.158433 0.266177 
t 0.004548 -0.181586 0.239439 0.004548 -0.158433 0.266177 0.111402 -0.158433 0.245079 
t 0.111402 -0.158433 0.245079 0.100908 -0.181586 0.220413 0.004548 -0.181586 0.239439 
t 0.004548 -0.194894 0.227285 0.004548 -0.181586 0.239439 0.100908 -0.181586 0.220413 
t 0.100908 -0.181586 0.220413 0.096138 -0.194894 0.209201 0.004548 -0.194894 0.227285 
t -0.112801 -0.124343 0.269744 -0.117571 -0.078220 0.280956 0.004548 -0.078220 0.305069 
t 0.004548 -0.078220 0.305069 0.004548 -0.124343 0.292915 -0.112801 -0.124343 0.269744 
t -0.102307 -0.158433 0.245079 -0.112801 -0.124343 0.269744 0.004548 -0.124343 0.292915 
t 0.004548 -0.124343 0.292915 0.004548 -0.158433 0.266177 -0.102307 -0.158433 0.245079 
t -0.091812 -0.181586 0.220413 -0.102307 -0.158433 0.245079 0.004548 -0.158433 0.266177 
t 0.004548 -0.158433 0.266177 0.004548 -0.181586 0.239439 -0.091812 -0.181586 0.220413 
t -0.087041 -0.194894 0.209201 -0.091812 -0.181586 0.220413 0.004548 -0.181586 0.239439 
t 0.004548 -0.181586 0.239439 0.004548 -0.194894 0.227285 -0.087041 -0.194894 0.209201 
t -0.207727 -0.124343 0.206211 -0.216356 -0.078220 0.214840 -0.117571 -0.078220 0.280956 
t -0.117571 -0.078220 0.280956 -0.112801 -0.124343 0.269744 -0.207727 -0.124343 0.206211 
t -0.188743 -0.158433 0.187227 -0.207727 -0.124343 0.206211 -0.112801 -0.124343 0.269744 
t -0.112801 -0.124343 0.269744 -0.102307 -0.158433 0.245079 -0.188743 -0.158433 0.187227 
t -0.169759 -0.181586 0.168243 -0.188743 -0.158433 0.187227 -0.102307 -0.158433 0.245079 
t -0.102307 -0.158433 0.245079 -0.091812 -0.181586 0.220413 -0.169759 -0.181586 0.168243 
t -0.161130 -0.194894 0.159614 -0.169759 -0.181586 0.168243 -0.091812 -0.181586 0.220413 
t -0.091812 -0.181586 0.220413 -0.087041 -0.194894 0.209201 -0.161130 -0.194894 0.159614 
t -0.271260 -0.124343 0.111285 -0.282472 -0.078220 0.116055 -0.216356 -0.078220 0.214840 
t -0.216356 -0.078220 0.214840 -0.207727 -0.124343 0.206211 -0.271260 -0.124343 0.111285 
t -0.246595 -0.158433 0.100791 -0.271260 -0.124343 0.111285 -0.207727 -0.124343 0.206211 
t -0.207727 -0.124343 0.206211 -0.188743 -0.158433 0.187227 -0.246595 -0.158433 0.100791 
t -0.221929 -0.181586 0.090296 -0.246595 -0.158433 0.100791 -0.188743 -0.158433 0.187227 
t -0.188743 -0.158433 0.187227 -0.169759 -0.181586 0.168243 -0.221929 -0.181586 0.090296 
t -0.210717 -0.194894 0.085525 -0.221929 -0.181586 0.090296 -0.169759 -0.181586 0.168243 
t -0.169759 -0.181586 0.168243 -0.161130 -0.194894 0.159614 -0.210717 -0.194894 0.085525 
t -0.294431 -0.124343 -0.006064 -0.306585 -0.078220 -0.006064 -0.282472 -0.078220 0.116055 
t -0.282472 -0.078220 0.116055 -0.271260 -0.124343 0.111285 -0.294431 -0.124343 -0.006064 
t -0.267693 -0.158433 -0.006064 -0.294431 -0.124343 -0.006064 -0.271260 -0.124343 0.111285 
t -0.271260 -0.124343 0.111285 -0.246595 -0.158433 0.100791 -0.267693 -0.158433 -0.006064 
t -0.240955 -0.181586 -0.006064 -0.267693 -0.158433 -0.006064 -0.246595 -0.158433 0.100791 
t -0.246595 -0.158433 0.100791 -0.221929 -0.181586 0.090296 -0.240955 -0.181586 -0.006064 
t -0.228801 -0.194894 -0.006064 -0.240955 -0.181586 -0.006064 -0.221929 -0.181586 0.090296 
t -0.221929 -0.181586 0.090296 -0.210717 -0.194894 0.085525 -0.228801 -0.194894 -0.006064 
t -0.271260 -0.124343 -0.123414 -0.282472 -0.078220 -0.128184 -0.306585 -0.078220 -0.006064 
t -0.306585 -0.078220 -0.006064 -0.294431 -0.124343 -0.006064 -0.271260 -0.124343 -0.123414 
t -0.246595 -0.158433 -0.112918 -0.271260 -0.124343 -0.123414 -0.294431 -0.124343 -0.006064 
t -0.294431 -0.124343 -0.006064 -0.267693 -0.158433 -0.006064 -0.246595 -0.158433 -0.112918 
t -0.221929 -0.181586 -0.102424 -0.246595 -0.158433 -0.112918 -0.267693 -0.158433 -0.006064 
t -0.267693 -0.158433 -0.006064 -0.240955 -0.181586 -0.006064 -0.221929 -0.181586 -0.102424 
t -0.210717 -0.194894 -0.097654 -0.221929 -0.181586 -0.102424 -0.240955 -0.181586 -0.006064 
t -0.240955 -0.181586 -0.006064 -0.228801 -0.194894 -0.006064 -0.210717 -0.194894 -0.097654 
t -0.207727 -0.124343 -0.218339 -0.216356 -0.078220 -0.226968 -0.282472 -0.078220 -0.128184 
t -0.282472 -0.078220 -0.128184 -0.271260 -0.124343 -0.123414 -0.207727 -0.124343 -0.218339 
t -0.188743 -0.158433 -0.199355 -0.207727 -0.124343 -0.218339 -0.271260 -0.124343 -0.123414 
t -0.271260 -0.124343 -0.123414 -0.246595 -0.158433 -0.112918 -0.188743 -0.158433 -0.199355 
t -0.169759 -0.181586 -0.180371 -0.188743 -0.158433 -0.199355 -0.246595 -0.158433 -0.112918 
t -0.246595 -0.158433 -0.112918 -0.221929 -0.181586 -0.102424 -0.169759 -0.181586 -0.180371 
t -0.161130 -0.194894 -0.171742 -0.169759 -0.181586 -0.180371 -0.221929 -0.181586 -0.102424 
t -0.221929 -0.181586 -0.102424 -0.210717 -0.194894 -0.097654 -0.161130 -0.194894 -0.171742 
t -0.112801 -0.124343 -0.281872 -0.117571 -0.078220 -0.293084 -0.216356 -0.078220 -0.226968 
t -0.216356 -0.078220 -0.226968 -0.207727 -0.124343 -0.218339 -0.112801 -0.124343 -0.281872 
t -0.102307 -0.158433 -0.257206 -0.112801 -0.124343 -0.281872 -0.207727 -0.124343 -0.218339 
t -0.207727 -0.124343 -0.218339 -0.188743 -0.158433 -0.199355 -0.102307 -0.158433 -0.257206 
t -0.091812 -0.181586 -0.232540 -0.102307 -0.158433 -0.257206 -0.188743 -0.158433 -0.199355 
t -0.188743 -0.158433 -0.199355 -0.169759 -0.181586 -0.180371 -0.091812 -0.181586 -0.232540 
t -0.087041 -0.194894 -0.221329 -0.091812 -0.181586 -0.232540 -0.169759 -0.181586 -0.180371 
t -0.169759 -0.181586 -0.180371 -0.161130 -0.194894 -0.171742 -0.087041 -0.194894 -0.221329 
t 0.004548 -0.124343 -0.305043 0.004548 -0.078220 -0.317197 -0.117571 -0.078220 -0.293084 
t -0.117571 -0.078220 -0.293084 -0.112801 -0.124343 -0.281872 0.004548 -0.124343 -0.305043 
t 0.004548 -0.158433 -0.278305 0.004548 -0.124343 -0.305043 -0.112801 -0.124343 -0.281872 
t -0.112801 -0.124343 -0.281872 -0.102307 -0.158433 -0.257206 0.004548 -0.158433 -0.278305 
t 0.004548 -0.181586 -0.251567 0.004548 -0.158433 -0.278305 -0.102307 -0.158433 -0.257206 
t -0.102307 -0.158433 -0.257206 -0.091812 -0.181586 -0.232540 0.004548 -0.181586 -0.251567 
t 0.004548 -0.194894 -0.239414 0.004548 -0.181586 -0.251567 -0.091812 -0.181586 -0.232540 
t -0.091812 -0.181586 -0.232540 -0.087041 -0.194894 -0.221329 0.004548 -0.194894 -0.239414 
t 0.121897 -0.124343 -0.281872 0.126668 -0.078220 -0.293084 0.004548 -0.078220 -0.317197 
t 0.004548 -0.078220 -0.317197 0.004548 -0.124343 -0.305043 0.121897 -0.124343 -0.281872 
t 0.111402 -0.158433 -0.257206 0.121897 -0.124343 -0.281872 0.004548 -0.124343 -0.305043 
t 0.004548 -0.124343 -0.305043 0.004548 -0.158433 -0.278305 0.111402 -0.158433 -0.257206 
t 0.100908 -0.181586 -0.232540 0.111402 -0.158433 -0.257206 0.004548 -0.158433 -0.278305 
t 0.004548 -0.158433 -0.278305 0.004548 -0.181586 -0.251567 0.100908 -0.181586 -0.232540 
t 0.096138 -0.194894 -0.221329 0.100908 -0.181586 -0.232540 0.004548 -0.181586 -0.251567 
t 0.004548 -0.181586 -0.251567 0.004548 -0.194894 -0.239414 0.096138 -0.194894 -0.221329 
t 0.216823 -0.124343 -0.218339 0.225452 -0.078220 -0.226968 0.126668 -0.078220 -0.293084 
t 0.126668 -0.078220 -0.293084 0.121897 -0.124343 -0.281872 0.216823 -0.124343 -0.218339 
t 0.197839 -0.158433 -0.199355 0.216823 -0.124343 -0.218339 0.121897 -0.124343 -0.281872 
t 0.121897 -0.124343 -0.281872 0.111402 -0.158433 -0.257206 0.197839 -0.158433 -0.199355 
t 0.178855 -0.181586 -0.180371 0.197839 -0.158433 -0.199355 0.111402 -0.158433 -0.257206 
t 0.111402 -0.158433 -0.257206 0.100908 -0.181586 -0.232540 0.178855 -0.181586 -0.180371 
t 0.170226 -0.194894 -0.171742 0.178855 -0.181586 -0.180371 0.100908 -0.181586 -0.232540 
t 0.100908 -0.181586 -0.232540 0.096138 -0.194894 -0.221329 0.170226 -0.194894 -0.171742 
t 0.280356 -0.124343 -0.123414 0.291568 -0.078220 -0.128184 0.225452 -0.078220 -0.226968 
t 0.225452 -0.078220 -0.226968 0.216823 -0.124343 -0.218339 0.280356 -0.124343 -0.123414 
t 0.255690 -0.158433 -0.112918 0.280356 -0.124343 -0.123414 0.216823 -0.124343 -0.218339 
t 0.216823 -0.124343 -0.218339 0.197839 -0.158433 -0.199355 0.255690 -0.158433 -0.112918 
t 0.231024 -0.181586 -0.102424 0.255690 -0.158433 -0.112918 0.197839 -0.158433 -0.199355 
t 0.197839 -0.158433 -0.199355 0.178855 -0.181586 -0.180371 0.231024 -0.181586 -0.102424 
t 0.219813 -0.194894 -0.097654 0.231024 -0.181586 -0.102424 0.178855 -0.181586 -0.180371 
t 0.178855 -0.181586 -0.180371 0.170226 -0.194894 -0.171742 0.219813 -0.194894 -0.097654 
t 0.303527 -0.124343 -0.006064 0.315681 -0.078220 -0.006064 0.291568 -0.078220 -0.128184 
t 0.291568 -0.078220 -0.128184 0.280356 -0.124343 -0.123414 0.303527 -0.124343 -0.006064 
t 0.276789 -0.158433 -0.006064 0.303527 -0.124343 -0.006064 0.280356 -0.124343 -0.123414 
t 0.280356 -0.124343 -0.123414 0.255690 -0.158433 -0.112918 0.276789 -0.158433 -0.006064 
t 0.250051 -0.181586 -0.006064 0.276789 -0.158433 -0.006064 0.255690 -0.158433 -0.112918 
t 0.255690 -0.158433 -0.112918 0.231024 -0.181586 -0.102424 0.250051 -0.181586 -0.006064 
t 0.237898 -0.194894 -0.006064 0.250051 -0.181586 -0.006064 0.231024 -0.181586 -0.102424 
t 0.231024 -0.181586 -0.102424 0.219813 -0.194894 -0.097654 0.237898 -0.194894 -0.006064 
t 0.214936 -0.203463 0.083451 0.219813 -0.194894 0.085525 0.237898 -0.194894 -0.006064 
t 0.237898 -0.194894 -0.006064 0.232610 -0.203463 -0.006064 0.214936 -0.203463 0.083451 
t 0.188869 -0.210937 0.072360 0.214936 -0.203463 0.083451 0.232610 -0.203463 -0.006064 
t 0.232610 -0.203463 -0.006064 0.204353 -0.210937 -0.006064 0.188869 -0.210937 0.072360 
t 0.124457 -0.216224 0.044954 0.188869 -0.210937 0.072360 0.204353 -0.210937 -0.006064 
t 0.204353 -0.210937 -0.006064 0.134531 -0.216224 -0.006064 0.124457 -0.216224 0.044954 
t 0.004548 -0.218230 -0.006064 0.124457 -0.216224 0.044954 0.134531 -0.216224 -0.006064 
t 0.134531 -0.216224 -0.006064 0.004548 -0.218230 -0.006064 0.004548 -0.218230 -0.006064 
t 0.166472 -0.203463 0.155861 0.170226 -0.194894 0.159614 0.219813 -0.194894 0.085525 
t 0.219813 -0.194894 0.085525 0.214936 -0.203463 0.083451 0.166472 -0.203463 0.155861 
t 0.146410 -0.210937 0.135798 0.166472 -0.203463 0.155861 0.214936 -0.203463 0.083451 
t 0.214936 -0.203463 0.083451 0.188869 -0.210937 0.072360 0.146410 -0.210937 0.135798 
t 0.096836 -0.216224 0.086224 0.146410 -0.210937 0.135798 0.188869 -0.210937 0.072360 
t 0.188869 -0.210937 0.072360 0.124457 -0.216224 0.044954 0.096836 -0.216224 0.086224 
t 0.004548 -0.218230 -0.006064 0.096836 -0.216224 0.086224 0.124457 -0.216224 0.044954 
t 0.124457 -0.216224 0.044954 0.004548 -0.218230 -0.006064 0.004548 -0.218230 -0.006064 
t 0.094062 -0.203463 0.204324 0.096138 -0.194894 0.209201 0.170226 -0.194894 0.159614 
t 0.170226 -0.194894 0.159614 0.166472 -0.203463 0.155861 0.094062 -0.203463 0.204324 
t 0.082972 -0.210937 0.178256 0.094062 -0.203463 0.204324 0.166472 -0.203463 0.155861 
t 0.166472 -0.203463 0.155861 0.146410 -0.210937 0.135798 0.082972 -0.210937 0.178256 
t 0.055566 -0.216224 0.113845 0.082972 -0.210937 0.178256 0.146410 -0.210937 0.135798 
t 0.146410 -0.210937 0.135798 0.096836 -0.216224 0.086224 0.055566 -0.216224 0.113845 
t 0.004548 -0.218230 -0.006064 0.055566 -0.216224 0.113845 0.096836 -0.216224 0.086224 
t 0.096836 -0.216224 0.086224 0.004548 -0.218230 -0.006064 0.004548 -0.218230 -0.006064 
t 0.004548 -0.203463 0.221999 0.004548 -0.194894 0.227285 0.096138 -0.194894 0.209201 
t 0.096138 -0.194894 0.209201 0.094062 -0.203463 0.204324 0.004548 -0.203463 0.221999 
t 0.004548 -0.210937 0.193742 0.004548 -0.203463 0.221999 0.094062 -0.203463 0.204324 
t 0.094062 -0.203463 0.204324 0.082972 -0.210937 0.178256 0.004548 -0.210937 0.193742 
t 0.004548 -0.216224 0.123919 0.004548 -0.210937 0.193742 0.082972 -0.210937 0.178256 
t 0.082972 -0.210937 0.178256 0.055566 -0.216224 0.113845 0.004548 -0.216224 0.123919 
t 0.004548 -0.218230 -0.006064 0.004548 -0.216224 0.123919 0.055566 -0.216224 0.113845 
t 0.055566 -0.216224 0.113845 0.004548 -0.218230 -0.006064 0.004548 -0.218230 -0.006064 
t -0.084967 -0.203463 0.204324 -0.087041 -0.194894 0.209201 0.004548 -0.194894 0.227285 
t 0.004548 -0.194894 0.227285 0.004548 -0.203463 0.221999 -0.084967 -0.203463 0.204324 
t -0.073876 -0.210937 0.178256 -0.084967 -0.203463 0.204324 0.004548 -0.203463 0.221999 
t 0.004548 -0.203463 0.221999 0.004548 -0.210937 0.193742 -0.073876 -0.210937 0.178256 
t -0.046470 -0.216224 0.113845 -0.073876 -0.210937 0.178256 0.004548 -0.210937 0.193742 
t 0.004548 -0.210937 0.193742 0.004548 -0.216224 0.123919 -0.046470 -0.216224 0.113845 
t 0.004548 -0.218230 -0.006064 -0.046470 -0.216224 0.113845 0.004548 -0.216224 0.123919 
t 0.004548 -0.216224 0.123919 0.004548 -0.218230 -0.006064 0.004548 -0.218230 -0.006064 
t -0.157377 -0.203463 0.155861 -0.161130 -0.194894 0.159614 -0.087041 -0.194894 0.209201 
t -0.087041 -0.194894 0.209201 -0.084967 -0.203463 0.204324 -0.157377 -0.203463 0.155861 
t -0.137314 -0.210937 0.135798 -0.157377 -0.203463 0.155861 -0.084967 -0.203463 0.204324 
t -0.084967 -0.203463 0.204324 -0.073876 -0.210937 0.178256 -0.137314 -0.210937 0.135798 
t -0.087740 -0.216224 0.086224 -0.137314 -0.210937 0.135798 -0.073876 -0.210937 0.178256 
t -0.073876 -0.210937 0.178256 -0.046470 -0.216224 0.113845 -0.087740 -0.216224 0.086224 
t 0.004548 -0.218230 -0.006064 -0.087740 -0.216224 0.086224 -0.046470 -0.216224 0.113845 
t -0.046470 -0.216224 0.113845 0.004548 -0.218230 -0.006064 0.004548 -0.218230 -0.006064 
t -0.205840 -0.203463 0.083451 -0.210717 -0.194894 0.085525 -0.161130 -0.194894 0.159614 
t -0.161130 -0.194894 0.159614 -0.157377 -0.203463 0.155861 -0.205840 -0.203463 0.083451 
t -0.179772 -0.210937 0.072360 -0.205840 -0.203463 0.083451 -0.157377 -0.203463 0.155861 
t -0.157377 -0.203463 0.155861 -0.137314 -0.210937 0.135798 -0.179772 -0.210937 0.072360 
t -0.115361 -0.216224 0.044954 -0.179772 -0.210937 0.072360 -0.137314 -0.210937 0.135798 
t -0.137314 -0.210937 0.135798 -0.087740 -0.216224 0.086224 -0.115361 -0.216224 0.044954 
t 0.004548 -0.218230 -0.006064 -0.115361 -0.216224 0.044954 -0.087740 -0.216224 0.086224 
t -0.087740 -0.216224 0.086224 0.004548 -0.218230 -0.006064 0.004548 -0.218230 -0.006064 
t -0.223515 -0.203463 -0.006064 -0.228801 -0.194894 -0.006064 -0.210717 -0.194894 0.085525 
t -0.210717 -0.194894 0.085525 -0.205840 -0.203463 0.083451 -0.223515 -0.203463 -0.006064 
t -0.195258 -0.210937 -0.006064 -0.223515 -0.203463 -0.006064 -0.205840 -0.203463 0.083451 
t -0.205840 -0.203463 0.083451 -0.179772 -0.210937 0.072360 -0.195258 -0.210937 -0.006064 
t -0.125435 -0.216224 -0.006064 -0.195258 -0.210937 -0.006064 -0.179772 -0.210937 0.072360 
t -0.179772 -0.210937 0.072360 -0.115361 -0.216224 0.044954 -0.125435 -0.216224 -0.006064 
t 0.004548 -0.218230 -0.006064 -0.125435 -0.216224 -0.006064 -0.115361 -0.216224 0.044954 
t -0.115361 -0.216224 0.044954 0.004548 -0.218230 -0.006064 0.004548 -0.218230 -0.006064 
t -0.205840 -0.203463 -0.095578 -0.210717 -0.194894 -0.097654 -0.228801 -0.194894 -0.006064 
t -0.228801 -0.194894 -0.006064 -0.223515 -0.203463 -0.006064 -0.205840 -0.203463 -0.095578 
t -0.179772 -0.210937 -0.084488 -0.205840 -0.203463 -0.095578 -0.223515 -0.203463 -0.006064 
t -0.223515 -0.203463 -0.006064 -0.195258 -0.210937 -0.006064 -0.179772 -0.210937 -0.084488 
t -0.115361 -0.216224 -0.057082 -0.179772 -0.210937 -0.084488 -0.195258 -0.210937 -0.006064 
t -0.195258 -0.210937 -0.006064 -0.125435 -0.216224 -0.006064 -0.115361 -0.216224 -0.057082 
t 0.004548 -0.218230 -0.006064 -0.115361 -0.216224 -0.057082 -0.125435 -0.216224 -0.006064 
t -0.125435 -0.216224 -0.006064 0.004548 -0.218230 -0.006064 0.004548 -0.218230 -0.006064 
t -0.157377 -0.203463 -0.167988 -0.161130 -0.194894 -0.171742 -0.210717 -0.194894 -0.097654 
t -0.210717 -0.194894 -0.097654 -0.205840 -0.203463 -0.095578 -0.157377 -0.203463 -0.167988 
t -0.137314 -0.210937 -0.147926 -0.157377 -0.203463 -0.167988 -0.205840 -0.203463 -0.095578 
t -0.205840 -0.203463 -0.095578 -0.179772 -0.210937 -0.084488 -0.137314 -0.210937 -0.147926 
t -0.087740 -0.216224 -0.098352 -0.137314 -0.210937 -0.147926 -0.179772 -0.210937 -0.084488 
t -0.179772 -0.210937 -0.084488 -0.115361 -0.216224 -0.057082 -0.087740 -0.216224 -0.098352 
t 0.004548 -0.218230 -0.006064 -0.087740 -0.216224 -0.098352 -0.115361 -0.216224 -0.057082 
t -0.115361 -0.216224 -0.057082 0.004548 -0.218230 -0.006064 0.004548 -0.218230 -0.006064 
t -0.084967 -0.203463 -0.216452 -0.087041 -0.194894 -0.221329 -0.161130 -0.194894 -0.171742 
t -0.161130 -0.194894 -0.171742 -0.157377 -0.203463 -0.167988 -0.084967 -0.203463 -0.216452 
t -0.073876 -0.210937 -0.190385 -0.084967 -0.203463 -0.216452 -0.157377 -0.203463 -0.167988 
t -0.157377 -0.203463 -0.167988 -0.137314 -0.210937 -0.147926 -0.073876 -0.210937 -0.190385 
t -0.046470 -0.216224 -0.125973 -0.073876 -0.210937 -0.190385 -0.137314 -0.210937 -0.147926 
t -0.137314 -0.210937 -0.147926 -0.087740 -0.216224 -0.098352 -0.046470 -0.216224 -0.125973 
t 0.004548 -0.218230 -0.006064 -0.046470 -0.216224 -0.125973 -0.087740 -0.216224 -0.098352 
t -0.087740 -0.216224 -0.098352 0.004548 -0.218230 -0.006064 0.004548 -0.218230 -0.006064 
t 0.004548 -0.203463 -0.234127 0.004548 -0.194894 -0.239414 -0.087041 -0.194894 -0.221329 
t -0.087041 -0.194894 -0.221329 -0.084967 -0.203463 -0.216452 0.004548 -0.203463 -0.234127 
t 0.004548 -0.210937 -0.205869 0.004548 -0.203463 -0.234127 -0.084967 -0.203463 -0.216452 
t -0.084967 -0.203463 -0.216452 -0.073876 -0.210937 -0.190385 0.004548 -0.210937 -0.205869 
t 0.004548 -0.216224 -0.136047 0.004548 -0.210937 -0.205869 -0.073876 -0.210937 -0.190385 
t -0.073876 -0.210937 -0.190385 -0.046470 -0.216224 -0.125973 0.004548 -0.216224 -0.136047 
t 0.004548 -0.218230 -0.006064 0.004548 -0.216224 -0.136047 -0.046470 -0.216224 -0.125973 
t -0.046470 -0.216224 -0.125973 0.004548 -0.218230 -0.006064 0.004548 -0.218230 -0.006064 
t 0.094062 -0.203463 -0.216452 0.096138 -0.194894 -0.221329 0.004548 -0.194894 -0.239414 
t 0.004548 -0.194894 -0.239414 0.004548 -0.203463 -0.234127 0.094062 -0.203463 -0.216452 
t 0.082972 -0.210937 -0.190385 0.094062 -0.203463 -0.216452 0.004548 -0.203463 -0.234127 
t 0.004548 -0.203463 -0.234127 0.004548 -0.210937 -0.205869 0.082972 -0.210937 -0.190385 
t 0.055566 -0.216224 -0.125973 0.082972 -0.210937 -0.190385 0.004548 -0.210937 -0.205869 
t 0.004548 -0.210937 -0.205869 0.004548 -0.216224 -0.136047 0.055566 -0.216224 -0.125973 
t 0.004548 -0.218230 -0.006064 0.055566 -0.216224 -0.125973 0.004548 -0.216224 -0.136047 
t 0.004548 -0.216224 -0.136047 0.004548 -0.218230 -0.006064 0.004548 -0.218230 -0.006064 
t 0.166472 -0.203463 -0.167988 0.170226 -0.194894 -0.171742 0.096138 -0.194894 -0.221329 
t 0.096138 -0.194894 -0.221329 0.094062 -0.203463 -0.216452 0.166472 -0.203463 -0.167988 
t 0.146410 -0.210937 -0.147926 0.166472 -0.203463 -0.167988 0.094062 -0.203463 -0.216452 
t 0.094062 -0.203463 -0.216452 0.082972 -0.210937 -0.190385 0.146410 -0.210937 -0.147926 
t 0.096836 -0.216224 -0.098352 0.146410 -0.210937 -0.147926 0.082972 -0.210937 -0.190385 
t 0.082972 -0.210937 -0.190385 0.055566 -0.216224 -0.125973 0.096836 -0.216224 -0.098352 
t 0.004548 -0.218230 -0.006064 0.096836 -0.216224 -0.098352 0.055566 -0.216224 -0.125973 
t 0.055566 -0.216224 -0.125973 0.004548 -0.218230 -0.006064 0.004548 -0.218230 -0.006064 
t 0.214936 -0.203463 -0.095578 0.219813 -0.194894 -0.097654 0.170226 -0.194894 -0.171742 
t 0.170226 -0.194894 -0.171742 0.166472 -0.203463 -0.167988 0.214936 -0.203463 -0.095578 
t 0.188869 -0.210937 -0.084488 0.214936 -0.203463 -0.095578 0.166472 -0.203463 -0.167988 
t 0.166472 -0.203463 -0.167988 0.146410 -0.210937 -0.147926 0.188869 -0.210937 -0.084488 
t 0.124457 -0.216224 -0.057082 0.188869 -0.210937 -0.084488 0.146410 -0.210937 -0.147926 
t 0.146410 -0.210937 -0.147926 0.096836 -0.216224 -0.098352 0.124457 -0.216224 -0.057082 
t 0.004548 -0.218230 -0.006064 0.124457 -0.216224 -0.057082 0.096836 -0.216224 -0.098352 
t 0.096836 -0.216224 -0.098352 0.004548 -0.218230 -0.006064 0.004548 -0.218230 -0.006064 
t 0.232610 -0.203463 -0.006064 0.237898 -0.194894 -0.006064 0.219813 -0.194894 -0.097654 
t 0.219813 -0.194894 -0.097654 0.214936 -0.203463 -0.095578 0.232610 -0.203463 -0.006064 
t 0.204353 -0.210937 -0.006064 0.232610 -0.203463 -0.006064 0.214936 -0.203463 -0.095578 
t 0.214936 -0.203463 -0.095578 0.188869 -0.210937 -0.084488 0.204353 -0.210937 -0.006064 
t 0.134531 -0.216224 -0.006064 0.204353 -0.210937 -0.006064 0.188869 -0.210937 -0.084488 
t 0.188869 -0.210937 -0.084488 0.124457 -0.216224 -0.057082 0.134531 -0.216224 -0.006064 
t 0.004548 -0.218230 -0.006064 0.134531 -0.216224 -0.006064 0.124457 -0.216224 -0.057082 
t 0.124457 -0.216224 -0.057082 0.004548 -0.218230 -0.006064 0.004548 -0.218230 -0.006064 
t -0.319201 0.101629 0.020188 -0.241927 0.102262 0.020188 -0.244358 0.096792 -0.006064 
t -0.244358 0.096792 -0.006064 -0.317037 0.096246 -0.006064 -0.319201 0.101629 0.020188 
t -0.375921 0.097203 0.020188 -0.319201 0.101629 0.020188 -0.317037 0.096246 -0.006064 
t -0.317037 0.096246 -0.006064 -0.370756 0.092417 -0.006064 -0.375921 0.097203 0.020188 
t -0.410855 0.085188 0.020188 -0.375921 0.097203 0.020188 -0.370756 0.092417 -0.006064 
t -0.370756 0.092417 -0.006064 -0.404057 0.082026 -0.006064 -0.410855 0.085188 0.020188 
t -0.422773 0.061790 0.020188 -0.410855 0.085188 0.020188 -0.404057 0.082026 -0.006064 
t -0.404057 0.082026 -0.006064 -0.415481 0.061790 -0.006064 -0.422773 0.061790 0.020188 
t -0.323964 0.113473 0.028938 -0.236580 0.114294 0.028938 -0.241927 0.102262 0.020188 
t -0.241927 0.102262 0.020188 -0.319201 0.101629 0.020188 -0.323964 0.113473 0.028938 
t -0.387285 0.107731 0.028938 -0.323964 0.113473 0.028938 -0.319201 0.101629 0.020188 
t -0.319201 0.101629 0.020188 -0.375921 0.097203 0.020188 -0.387285 0.107731 0.028938 
t -0.425812 0.092144 0.028938 -0.387285 0.107731 0.028938 -0.375921 0.097203 0.020188 
t -0.375921 0.097203 0.020188 -0.410855 0.085188 0.020188 -0.425812 0.092144 0.028938 
t -0.438816 0.061790 0.028938 -0.425812 0.092144 0.028938 -0.410855 0.085188 0.020188 
t -0.410855 0.085188 0.020188 -0.422773 0.061790 0.020188 -0.438816 0.061790 0.028938 
t -0.328727 0.125318 0.020188 -0.231232 0.126326 0.020188 -0.236580 0.114294 0.028938 
t -0.236580 0.114294 0.028938 -0.323964 0.113473 0.028938 -0.328727 0.125318 0.020188 
t -0.398648 0.118259 0.020188 -0.328727 0.125318 0.020188 -0.323964 0.113473 0.028938 
t -0.323964 0.113473 0.028938 -0.387285 0.107731 0.028938 -0.398648 0.118259 0.020188 
t -0.440768 0.099100 0.020188 -0.398648 0.118259 0.020188 -0.387285 0.107731 0.028938 
t -0.387285 0.107731 0.028938 -0.425812 0.092144 0.028938 -0.440768 0.099100 0.020188 
t -0.454859 0.061790 0.020188 -0.440768 0.099100 0.020188 -0.425812 0.092144 0.028938 
t -0.425812 0.092144 0.028938 -0.438816 0.061790 0.028938 -0.454859 0.061790 0.020188 
t -0.330892 0.130701 -0.006064 -0.228801 0.131795 -0.006064 -0.231232 0.126326 0.020188 
t -0.231232 0.126326 0.020188 -0.328727 0.125318 0.020188 -0.330892 0.130701 -0.006064 
t -0.403814 0.123044 -0.006064 -0.330892 0.130701 -0.006064 -0.328727 0.125318 0.020188 
t -0.328727 0.125318 0.020188 -0.398648 0.118259 0.020188 -0.403814 0.123044 -0.006064 
t -0.447567 0.102262 -0.006064 -0.403814 0.123044 -0.006064 -0.398648 0.118259 0.020188 
t -0.398648 0.118259 0.020188 -0.440768 0.099100 0.020188 -0.447567 0.102262 -0.006064 
t -0.462151 0.061790 -0.006064 -0.447567 0.102262 -0.006064 -0.440768 0.099100 0.020188 
t -0.440768 0.099100 0.020188 -0.454859 0.061790 0.020188 -0.462151 0.061790 -0.006064 
t -0.328727 0.125318 -0.032316 -0.231232 0.126326 -0.032316 -0.228801 0.131795 -0.006064 
t -0.228801 0.131795 -0.006064 -0.330892 0.130701 -0.006064 -0.328727 0.125318 -0.032316 
t -0.398648 0.118259 -0.032316 -0.328727 0.125318 -0.032316 -0.330892 0.130701 -0.006064 
t -0.330892 0.130701 -0.006064 -0.403814 0.123044 -0.006064 -0.398648 0.118259 -0.032316 
t -0.440768 0.099100 -0.032316 -0.398648 0.118259 -0.032316 -0.403814 0.123044 -0.006064 
t -0.403814 0.123044 -0.006064 -0.447567 0.102262 -0.006064 -0.440768 0.099100 -0.032316 
t -0.454859 0.061790 -0.032316 -0.440768 0.099100 -0.032316 -0.447567 0.102262 -0.006064 
t -0.447567 0.102262 -0.006064 -0.462151 0.061790 -0.006064 -0.454859 0.061790 -0.032316 
t -0.323964 0.113473 -0.041066 -0.236580 0.114294 -0.041066 -0.231232 0.126326 -0.032316 
t -0.231232 0.126326 -0.032316 -0.328727 0.125318 -0.032316 -0.323964 0.113473 -0.041066 
t -0.387285 0.107731 -0.041066 -0.323964 0.113473 -0.041066 -0.328727 0.125318 -0.032316 
t -0.328727 0.125318 -0.032316 -0.398648 0.118259 -0.032316 -0.387285 0.107731 -0.041066 
t -0.425812 0.092144 -0.041066 -0.387285 0.107731 -0.041066 -0.398648 0.118259 -0.032316 
t -0.398648 0.118259 -0.032316 -0.440768 0.099100 -0.032316 -0.425812 0.092144 -0.041066 
t -0.438816 0.061790 -0.041066 -0.425812 0.092144 -0.041066 -0.440768 0.099100 -0.032316 
t -0.440768 0.099100 -0.032316 -0.454859 0.061790 -0.032316 -0.438816 0.061790 -0.041066 
t -0.319201 0.101629 -0.032316 -0.241927 0.102262 -0.032316 -0.236580 0.114294 -0.041066 
t -0.236580 0.114294 -0.041066 -0.323964 0.113473 -0.041066 -0.319201 0.101629 -0.032316 
t -0.375921 0.097203 -0.032316 -0.319201 0.101629 -0.032316 -0.323964 0.113473 -0.041066 
t -0.323964 0.113473 -0.041066 -0.387285 0.107731 -0.041066 -0.375921 0.097203 -0.032316 
t -0.410855 0.085188 -0.032316 -0.375921 0.097203 -0.032316 -0.387285 0.107731 -0.041066 
t -0.387285 0.107731 -0.041066 -0.425812 0.092144 -0.041066 -0.410855 0.085188 -0.032316 
t -0.422773 0.061790 -0.032316 -0.410855 0.085188 -0.032316 -0.425812 0.092144 -0.041066 
t -0.425812 0.092144 -0.041066 -0.438816 0.061790 -0.041066 -0.422773 0.061790 -0.032316 
t -0.317037 0.096246 -0.006064 -0.244358 0.096792 -0.006064 -0.241927 0.102262 -0.032316 
t -0.241927 0.102262 -0.032316 -0.319201 0.101629 -0.032316 -0.317037 0.096246 -0.006064 
t -0.370756 0.092417 -0.006064 -0.317037 0.096246 -0.006064 -0.319201 0.101629 -0.032316 
t -0.319201 0.101629 -0.032316 -0.375921 0.097203 -0.032316 -0.370756 0.092417 -0.006064 
t -0.404057 0.082026 -0.006064 -0.370756 0.092417 -0.006064 -0.375921 0.097203 -0.032316 
t -0.375921 0.097203 -0.032316 -0.410855 0.085188 -0.032316 -0.404057 0.082026 -0.006064 
t -0.415481 0.061790 -0.006064 -0.404057 0.082026 -0.006064 -0.410855 0.085188 -0.032316 
t -0.410855 0.085188 -0.032316 -0.422773 0.061790 -0.032316 -0.415481 0.061790 -0.006064 
t -0.416032 0.027007 0.020188 -0.422773 0.061790 0.020188 -0.415481 0.061790 -0.006064 
t -0.415481 0.061790 -0.006064 -0.409405 0.030069 -0.006064 -0.416032 0.027007 0.020188 
t -0.394911 -0.012886 0.020188 -0.416032 0.027007 0.020188 -0.409405 0.030069 -0.006064 
t -0.409405 0.030069 -0.006064 -0.390202 -0.008215 -0.006064 -0.394911 -0.012886 0.020188 
t -0.358067 -0.052267 0.020188 -0.394911 -0.012886 0.020188 -0.390202 -0.008215 -0.006064 
t -0.390202 -0.008215 -0.006064 -0.356414 -0.046499 -0.006064 -0.358067 -0.052267 0.020188 
t -0.304154 -0.085512 0.020188 -0.358067 -0.052267 0.020188 -0.356414 -0.046499 -0.006064 
t -0.356414 -0.046499 -0.006064 -0.306585 -0.078220 -0.006064 -0.304154 -0.085512 0.020188 
t -0.430612 0.020270 0.028938 -0.438816 0.061790 0.028938 -0.422773 0.061790 0.020188 
t -0.422773 0.061790 0.020188 -0.416032 0.027007 0.020188 -0.430612 0.020270 0.028938 
t -0.405272 -0.023164 0.028938 -0.430612 0.020270 0.028938 -0.416032 0.027007 0.020188 
t -0.416032 0.027007 0.020188 -0.394911 -0.012886 0.020188 -0.405272 -0.023164 0.028938 
t -0.361702 -0.064957 0.028938 -0.405272 -0.023164 0.028938 -0.394911 -0.012886 0.020188 
t -0.394911 -0.012886 0.020188 -0.358067 -0.052267 0.020188 -0.361702 -0.064957 0.028938 
t -0.298807 -0.101555 0.028938 -0.361702 -0.064957 0.028938 -0.358067 -0.052267 0.020188 
t -0.358067 -0.052267 0.020188 -0.304154 -0.085512 0.020188 -0.298807 -0.101555 0.028938 
t -0.445193 0.013534 0.020188 -0.454859 0.061790 0.020188 -0.438816 0.061790 0.028938 
t -0.438816 0.061790 0.028938 -0.430612 0.020270 0.028938 -0.445193 0.013534 0.020188 
t -0.415633 -0.033441 0.020188 -0.445193 0.013534 0.020188 -0.430612 0.020270 0.028938 
t -0.430612 0.020270 0.028938 -0.405272 -0.023164 0.028938 -0.415633 -0.033441 0.020188 
t -0.365336 -0.077647 0.020188 -0.415633 -0.033441 0.020188 -0.405272 -0.023164 0.028938 
t -0.405272 -0.023164 0.028938 -0.361702 -0.064957 0.028938 -0.365336 -0.077647 0.020188 
t -0.293459 -0.117598 0.020188 -0.365336 -0.077647 0.020188 -0.361702 -0.064957 0.028938 
t -0.361702 -0.064957 0.028938 -0.298807 -0.101555 0.028938 -0.293459 -0.117598 0.020188 
t -0.451820 0.010471 -0.006064 -0.462151 0.061790 -0.006064 -0.454859 0.061790 0.020188 
t -0.454859 0.061790 0.020188 -0.445193 0.013534 0.020188 -0.451820 0.010471 -0.006064 
t -0.420342 -0.038113 -0.006064 -0.451820 0.010471 -0.006064 -0.445193 0.013534 0.020188 
t -0.445193 0.013534 0.020188 -0.415633 -0.033441 0.020188 -0.420342 -0.038113 -0.006064 
t -0.366988 -0.083415 -0.006064 -0.420342 -0.038113 -0.006064 -0.415633 -0.033441 0.020188 
t -0.415633 -0.033441 0.020188 -0.365336 -0.077647 0.020188 -0.366988 -0.083415 -0.006064 
t -0.291028 -0.124890 -0.006064 -0.366988 -0.083415 -0.006064 -0.365336 -0.077647 0.020188 
t -0.365336 -0.077647 0.020188 -0.293459 -0.117598 0.020188 -0.291028 -0.124890 -0.006064 
t -0.445193 0.013534 -0.032316 -0.454859 0.061790 -0.032316 -0.462151 0.061790 -0.006064 
t -0.462151 0.061790 -0.006064 -0.451820 0.010471 -0.006064 -0.445193 0.013534 -0.032316 
t -0.415633 -0.033441 -0.032316 -0.445193 0.013534 -0.032316 -0.451820 0.010471 -0.006064 
t -0.451820 0.010471 -0.006064 -0.420342 -0.038113 -0.006064 -0.415633 -0.033441 -0.032316 
t -0.365336 -0.077647 -0.032316 -0.415633 -0.033441 -0.032316 -0.420342 -0.038113 -0.006064 
t -0.420342 -0.038113 -0.006064 -0.366988 -0.083415 -0.006064 -0.365336 -0.077647 -0.032316 
t -0.293459 -0.117598 -0.032316 -0.365336 -0.077647 -0.032316 -0.366988 -0.083415 -0.006064 
t -0.366988 -0.083415 -0.006064 -0.291028 -0.124890 -0.006064 -0.293459 -0.117598 -0.032316 
t -0.430612 0.020270 -0.041066 -0.438816 0.061790 -0.041066 -0.454859 0.061790 -0.032316 
t -0.454859 0.061790 -0.032316 -0.445193 0.013534 -0.032316 -0.430612 0.020270 -0.041066 
t -0.405272 -0.023164 -0.041066 -0.430612 0.020270 -0.041066 -0.445193 0.013534 -0.032316 
t -0.445193 0.013534 -0.032316 -0.415633 -0.033441 -0.032316 -0.405272 -0.023164 -0.041066 
t -0.361702 -0.064957 -0.041066 -0.405272 -0.023164 -0.041066 -0.415633 -0.033441 -0.032316 
t -0.415633 -0.033441 -0.032316 -0.365336 -0.077647 -0.032316 -0.361702 -0.064957 -0.041066 
t -0.298807 -0.101555 -0.041066 -0.361702 -0.064957 -0.041066 -0.365336 -0.077647 -0.032316 
t -0.365336 -0.077647 -0.032316 -0.293459 -0.117598 -0.032316 -0.298807 -0.101555 -0.041066 
t -0.416032 0.027007 -0.032316 -0.422773 0.061790 -0.032316 -0.438816 0.061790 -0.041066 
t -0.438816 0.061790 -0.041066 -0.430612 0.020270 -0.041066 -0.416032 0.027007 -0.032316 
t -0.394911 -0.012886 -0.032316 -0.416032 0.027007 -0.032316 -0.430612 0.020270 -0.041066 
t -0.430612 0.020270 -0.041066 -0.405272 -0.023164 -0.041066 -0.394911 -0.012886 -0.032316 
t -0.358067 -0.052267 -0.032316 -0.394911 -0.012886 -0.032316 -0.405272 -0.023164 -0.041066 
t -0.405272 -0.023164 -0.041066 -0.361702 -0.064957 -0.041066 -0.358067 -0.052267 -0.032316 
t -0.304154 -0.085512 -0.032316 -0.358067 -0.052267 -0.032316 -0.361702 -0.064957 -0.041066 
t -0.361702 -0.064957 -0.041066 -0.298807 -0.101555 -0.041066 -0.304154 -0.085512 -0.032316 
t -0.409405 0.030069 -0.006064 -0.415481 0.061790 -0.006064 -0.422773 0.061790 -0.032316 
t -0.422773 0.061790 -0.032316 -0.416032 0.027007 -0.032316 -0.409405 0.030069 -0.006064 
t -0.390202 -0.008215 -0.006064 -0.409405 0.030069 -0.006064 -0.416032 0.027007 -0.032316 
t -0.416032 0.027007 -0.032316 -0.394911 -0.012886 -0.032316 -0.390202 -0.008215 -0.006064 
t -0.356414 -0.046499 -0.006064 -0.390202 -0.008215 -0.006064 -0.394911 -0.012886 -0.032316 
t -0.394911 -0.012886 -0.032316 -0.358067 -0.052267 -0.032316 -0.356414 -0.046499 -0.006064 
t -0.306585 -0.078220 -0.006064 -0.356414 -0.046499 -0.006064 -0.358067 -0.052267 -0.032316 
t -0.358067 -0.052267 -0.032316 -0.304154 -0.085512 -0.032316 -0.306585 -0.078220 -0.006064 
t 0.349331 0.005720 0.046084 0.269011 -0.016601 0.051690 0.269011 0.003453 -0.006064 
t 0.269011 0.003453 -0.006064 0.343634 0.020589 -0.006064 0.349331 0.005720 0.046084 
t 0.383255 0.053131 0.033751 0.349331 0.005720 0.046084 0.343634 0.020589 -0.006064 
t 0.343634 0.020589 -0.006064 0.375963 0.061790 -0.006064 0.383255 0.053131 0.033751 
t 0.402594 0.108608 0.021418 0.383255 0.053131 0.033751 0.375963 0.061790 -0.006064 
t 0.375963 0.061790 -0.006064 0.393707 0.111741 -0.006064 0.402594 0.108608 0.021418 
t 0.439162 0.155130 0.015812 0.402594 0.108608 0.021418 0.393707 0.111741 -0.006064 
t 0.393707 0.111741 -0.006064 0.424577 0.155130 -0.006064 0.439162 0.155130 0.015812 
t 0.361865 -0.026992 0.063467 0.269011 -0.060718 0.070942 0.269011 -0.016601 0.051690 
t 0.269011 -0.016601 0.051690 0.349331 0.005720 0.046084 0.361865 -0.026992 0.063467 
t 0.399297 0.034080 0.047023 0.361865 -0.026992 0.063467 0.349331 0.005720 0.046084 
t 0.349331 0.005720 0.046084 0.383255 0.053131 0.033751 0.399297 0.034080 0.047023 
t 0.422146 0.101715 0.030579 0.399297 0.034080 0.047023 0.383255 0.053131 0.033751 
t 0.383255 0.053131 0.033751 0.402594 0.108608 0.021418 0.422146 0.101715 0.030579 
t 0.471247 0.155130 0.023105 0.422146 0.101715 0.030579 0.402594 0.108608 0.021418 
t 0.402594 0.108608 0.021418 0.439162 0.155130 0.015812 0.471247 0.155130 0.023105 
t 0.374398 -0.059704 0.046084 0.269011 -0.104836 0.051690 0.269011 -0.060718 0.070942 
t 0.269011 -0.060718 0.070942 0.361865 -0.026992 0.063467 0.374398 -0.059704 0.046084 
t 0.415340 0.015029 0.033751 0.374398 -0.059704 0.046084 0.361865 -0.026992 0.063467 
t 0.361865 -0.026992 0.063467 0.399297 0.034080 0.047023 0.415340 0.015029 0.033751 
t 0.441698 0.094822 0.021418 0.415340 0.015029 0.033751 0.399297 0.034080 0.047023 
t 0.399297 0.034080 0.047023 0.422146 0.101715 0.030579 0.441698 0.094822 0.021418 
t 0.503332 0.155130 0.015812 0.441698 0.094822 0.021418 0.422146 0.101715 0.030579 
t 0.422146 0.101715 0.030579 0.471247 0.155130 0.023105 0.503332 0.155130 0.015812 
t 0.380095 -0.074573 -0.006064 0.269011 -0.124890 -0.006064 0.269011 -0.104836 0.051690 
t 0.269011 -0.104836 0.051690 0.374398 -0.059704 0.046084 0.380095 -0.074573 -0.006064 
t 0.422633 0.006370 -0.006064 0.380095 -0.074573 -0.006064 0.374398 -0.059704 0.046084 
t 0.374398 -0.059704 0.046084 0.415340 0.015029 0.033751 0.422633 0.006370 -0.006064 
t 0.450586 0.091688 -0.006064 0.422633 0.006370 -0.006064 0.415340 0.015029 0.033751 
t 0.415340 0.015029 0.033751 0.441698 0.094822 0.021418 0.450586 0.091688 -0.006064 
t 0.517917 0.155130 -0.006064 0.450586 0.091688 -0.006064 0.441698 0.094822 0.021418 
t 0.441698 0.094822 0.021418 0.503332 0.155130 0.015812 0.517917 0.155130 -0.006064 
t 0.374398 -0.059704 -0.058212 0.269011 -0.104836 -0.063818 0.269011 -0.124890 -0.006064 
t 0.269011 -0.124890 -0.006064 0.380095 -0.074573 -0.006064 0.374398 -0.059704 -0.058212 
t 0.415340 0.015029 -0.045879 0.374398 -0.059704 -0.058212 0.380095 -0.074573 -0.006064 
t 0.380095 -0.074573 -0.006064 0.422633 0.006370 -0.006064 0.415340 0.015029 -0.045879 
t 0.441698 0.094822 -0.033546 0.415340 0.015029 -0.045879 0.422633 0.006370 -0.006064 
t 0.422633 0.006370 -0.006064 0.450586 0.091688 -0.006064 0.441698 0.094822 -0.033546 
t 0.503332 0.155130 -0.027941 0.441698 0.094822 -0.033546 0.450586 0.091688 -0.006064 
t 0.450586 0.091688 -0.006064 0.517917 0.155130 -0.006064 0.503332 0.155130 -0.027941 
t 0.361865 -0.026992 -0.075595 0.269011 -0.060718 -0.083069 0.269011 -0.104836 -0.063818 
t 0.269011 -0.104836 -0.063818 0.374398 -0.059704 -0.058212 0.361865 -0.026992 -0.075595 
t 0.399297 0.034080 -0.059151 0.361865 -0.026992 -0.075595 0.374398 -0.059704 -0.058212 
t 0.374398 -0.059704 -0.058212 0.415340 0.015029 -0.045879 0.399297 0.034080 -0.059151 
t 0.422146 0.101715 -0.042707 0.399297 0.034080 -0.059151 0.415340 0.015029 -0.045879 
t 0.415340 0.015029 -0.045879 0.441698 0.094822 -0.033546 0.422146 0.101715 -0.042707 
t 0.471247 0.155130 -0.035233 0.422146 0.101715 -0.042707 0.441698 0.094822 -0.033546 
t 0.441698 0.094822 -0.033546 0.503332 0.155130 -0.027941 0.471247 0.155130 -0.035233 
t 0.349331 0.005720 -0.058212 0.269011 -0.016601 -0.063818 0.269011 -0.060718 -0.083069 
t 0.269011 -0.060718 -0.083069 0.361865 -0.026992 -0.075595 0.349331 0.005720 -0.058212 
t 0.383255 0.053131 -0.045879 0.349331 0.005720 -0.058212 0.361865 -0.026992 -0.075595 
t 0.361865 -0.026992 -0.075595 0.399297 0.034080 -0.059151 0.383255 0.053131 -0.045879 
t 0.402594 0.108608 -0.033546 0.383255 0.053131 -0.045879 0.399297 0.034080 -0.059151 
t 0.399297 0.034080 -0.059151 0.422146 0.101715 -0.042707 0.402594 0.108608 -0.033546 
t 0.439162 0.155130 -0.027941 0.402594 0.108608 -0.033546 0.422146 0.101715 -0.042707 
t 0.422146 0.101715 -0.042707 0.471247 0.155130 -0.035233 0.439162 0.155130 -0.027941 
t 0.343634 0.020589 -0.006064 0.269011 0.003453 -0.006064 0.269011 -0.016601 -0.063818 
t 0.269011 -0.016601 -0.063818 0.349331 0.005720 -0.058212 0.343634 0.020589 -0.006064 
t 0.375963 0.061790 -0.006064 0.343634 0.020589 -0.006064 0.349331 0.005720 -0.058212 
t 0.349331 0.005720 -0.058212 0.383255 0.053131 -0.045879 0.375963 0.061790 -0.006064 
t 0.393707 0.111741 -0.006064 0.375963 0.061790 -0.006064 0.383255 0.053131 -0.045879 
t 0.383255 0.053131 -0.045879 0.402594 0.108608 -0.033546 0.393707 0.111741 -0.006064 
t 0.424577 0.155130 -0.006064 0.393707 0.111741 -0.006064 0.402594 0.108608 -0.033546 
t 0.402594 0.108608 -0.033546 0.439162 0.155130 -0.027941 0.424577 0.155130 -0.006064 
t 0.451378 0.162013 0.014445 0.439162 0.155130 0.015812 0.424577 0.155130 -0.006064 
t 0.424577 0.155130 -0.006064 0.435758 0.161693 -0.006064 0.451378 0.162013 0.014445 
t 0.458683 0.164393 0.011437 0.451378 0.162013 0.014445 0.435758 0.161693 -0.006064 
t 0.435758 0.161693 -0.006064 0.444023 0.163880 -0.006064 0.458683 0.164393 0.011437 
t 0.458902 0.162141 0.008429 0.458683 0.164393 0.011437 0.444023 0.163880 -0.006064 
t 0.444023 0.163880 -0.006064 0.446454 0.161693 -0.006064 0.458902 0.162141 0.008429 
t 0.449857 0.155130 0.007062 0.458902 0.162141 0.008429 0.446454 0.161693 -0.006064 
t 0.446454 0.161693 -0.006064 0.440134 0.155130 -0.006064 0.449857 0.155130 0.007062 
t 0.485740 0.162718 0.021282 0.471247 0.155130 0.023105 0.439162 0.155130 0.015812 
t 0.439162 0.155130 0.015812 0.451378 0.162013 0.014445 0.485740 0.162718 0.021282 
t 0.490936 0.165521 0.017271 0.485740 0.162718 0.021282 0.451378 0.162013 0.014445 
t 0.451378 0.162013 0.014445 0.458683 0.164393 0.011437 0.490936 0.165521 0.017271 
t 0.486287 0.163129 0.013260 0.490936 0.165521 0.017271 0.458683 0.164393 0.011437 
t 0.458683 0.164393 0.011437 0.458902 0.162141 0.008429 0.486287 0.163129 0.013260 
t 0.471247 0.155130 0.011437 0.486287 0.163129 0.013260 0.458902 0.162141 0.008429 
t 0.458902 0.162141 0.008429 0.449857 0.155130 0.007062 0.471247 0.155130 0.011437 
t 0.520103 0.163423 0.014445 0.503332 0.155130 0.015812 0.471247 0.155130 0.023105 
t 0.471247 0.155130 0.023105 0.485740 0.162718 0.021282 0.520103 0.163423 0.014445 
t 0.523189 0.166649 0.011437 0.520103 0.163423 0.014445 0.485740 0.162718 0.021282 
t 0.485740 0.162718 0.021282 0.490936 0.165521 0.017271 0.523189 0.166649 0.011437 
t 0.513673 0.164115 0.008429 0.523189 0.166649 0.011437 0.490936 0.165521 0.017271 
t 0.490936 0.165521 0.017271 0.486287 0.163129 0.013260 0.513673 0.164115 0.008429 
t 0.492637 0.155130 0.007062 0.513673 0.164115 0.008429 0.486287 0.163129 0.013260 
t 0.486287 0.163129 0.013260 0.471247 0.155130 0.011437 0.492637 0.155130 0.007062 
t 0.535722 0.163744 -0.006064 0.517917 0.155130 -0.006064 0.503332 0.155130 0.015812 
t 0.503332 0.155130 0.015812 0.520103 0.163423 0.014445 0.535722 0.163744 -0.006064 
t 0.537849 0.167162 -0.006064 0.535722 0.163744 -0.006064 0.520103 0.163423 0.014445 
t 0.520103 0.163423 0.014445 0.523189 0.166649 0.011437 0.537849 0.167162 -0.006064 
t 0.526121 0.164564 -0.006064 0.537849 0.167162 -0.006064 0.523189 0.166649 0.011437 
t 0.523189 0.166649 0.011437 0.513673 0.164115 0.008429 0.526121 0.164564 -0.006064 
t 0.502360 0.155130 -0.006064 0.526121 0.164564 -0.006064 0.513673 0.164115 0.008429 
t 0.513673 0.164115 0.008429 0.492637 0.155130 0.007062 0.502360 0.155130 -0.006064 
t 0.520103 0.163423 -0.026573 0.503332 0.155130 -0.027941 0.517917 0.155130 -0.006064 
t 0.517917 0.155130 -0.006064 0.535722 0.163744 -0.006064 0.520103 0.163423 -0.026573 
t 0.523189 0.166649 -0.023565 0.520103 0.163423 -0.026573 0.535722 0.163744 -0.006064 
t 0.535722 0.163744 -0.006064 0.537849 0.167162 -0.006064 0.523189 0.166649 -0.023565 
t 0.513673 0.164115 -0.020557 0.523189 0.166649 -0.023565 0.537849 0.167162 -0.006064 
t 0.537849 0.167162 -0.006064 0.526121 0.164564 -0.006064 0.513673 0.164115 -0.020557 
t 0.492637 0.155130 -0.019190 0.513673 0.164115 -0.020557 0.526121 0.164564 -0.006064 
t 0.526121 0.164564 -0.006064 0.502360 0.155130 -0.006064 0.492637 0.155130 -0.019190 
t 0.485740 0.162718 -0.033410 0.471247 0.155130 -0.035233 0.503332 0.155130 -0.027941 
t 0.503332 0.155130 -0.027941 0.520103 0.163423 -0.026573 0.485740 0.162718 -0.033410 
t 0.490936 0.165521 -0.029399 0.485740 0.162718 -0.033410 0.520103 0.163423 -0.026573 
t 0.520103 0.163423 -0.026573 0.523189 0.166649 -0.023565 0.490936 0.165521 -0.029399 
t 0.486287 0.163129 -0.025388 0.490936 0.165521 -0.029399 0.523189 0.166649 -0.023565 
t 0.523189 0.166649 -0.023565 0.513673 0.164115 -0.020557 0.486287 0.163129 -0.025388 
t 0.471247 0.155130 -0.023565 0.486287 0.163129 -0.025388 0.513673 0.164115 -0.020557 
t 0.513673 0.164115 -0.020557 0.492637 0.155130 -0.019190 0.471247 0.155130 -0.023565 
t 0.451378 0.162013 -0.026573 0.439162 0.155130 -0.027941 0.471247 0.155130 -0.035233 
t 0.471247 0.155130 -0.035233 0.485740 0.162718 -0.033410 0.451378 0.162013 -0.026573 
t 0.458683 0.164393 -0.023565 0.451378 0.162013 -0.026573 0.485740 0.162718 -0.033410 
t 0.485740 0.162718 -0.033410 0.490936 0.165521 -0.029399 0.458683 0.164393 -0.023565 
t 0.458902 0.162141 -0.020557 0.458683 0.164393 -0.023565 0.490936 0.165521 -0.029399 
t 0.490936 0.165521 -0.029399 0.486287 0.163129 -0.025388 0.458902 0.162141 -0.020557 
t 0.449857 0.155130 -0.019190 0.458902 0.162141 -0.020557 0.486287 0.163129 -0.025388 
t 0.486287 0.163129 -0.025388 0.471247 0.155130 -0.023565 0.449857 0.155130 -0.019190 
t 0.435758 0.161693 -0.006064 0.424577 0.155130 -0.006064 0.439162 0.155130 -0.027941 
t 0.439162 0.155130 -0.027941 0.451378 0.162013 -0.026573 0.435758 0.161693 -0.006064 
t 0.444023 0.163880 -0.006064 0.435758 0.161693 -0.006064 0.451378 0.162013 -0.026573 
t 0.451378 0.162013 -0.026573 0.458683 0.164393 -0.023565 0.444023 0.163880 -0.006064 
t 0.446454 0.161693 -0.006064 0.444023 0.163880 -0.006064 0.458683 0.164393 -0.023565 
t 0.458683 0.164393 -0.023565 0.458902 0.162141 -0.020557 0.446454 0.161693 -0.006064 
t 0.440134 0.155130 -0.006064 0.446454 0.161693 -0.006064 0.458902 0.162141 -0.020557 
t 0.458902 0.162141 -0.020557 0.449857 0.155130 -0.019190 0.440134 0.155130 -0.006064 
t 0.053450 0.264148 0.014790 0.004548 0.271804 -0.006064 0.004548 0.271804 -0.006064 
t 0.004548 0.271804 -0.006064 0.057538 0.264148 -0.006064 0.053450 0.264148 0.014790 
t 0.051205 0.245553 0.013830 0.053450 0.264148 0.014790 0.057538 0.264148 -0.006064 
t 0.057538 0.264148 -0.006064 0.055107 0.245553 -0.006064 0.051205 0.245553 0.013830 
t 0.032808 0.222583 0.005976 0.051205 0.245553 0.013830 0.055107 0.245553 -0.006064 
t 0.055107 0.245553 -0.006064 0.035175 0.222583 -0.006064 0.032808 0.222583 0.005976 
t 0.033250 0.201800 0.006148 0.032808 0.222583 0.005976 0.035175 0.222583 -0.006064 
t 0.035175 0.222583 -0.006064 0.035661 0.201800 -0.006064 0.033250 0.201800 0.006148 
t 0.042220 0.264148 0.031608 0.004548 0.271804 -0.006064 0.004548 0.271804 -0.006064 
t 0.004548 0.271804 -0.006064 0.053450 0.264148 0.014790 0.042220 0.264148 0.031608 
t 0.040489 0.245553 0.029877 0.042220 0.264148 0.031608 0.053450 0.264148 0.014790 
t 0.053450 0.264148 0.014790 0.051205 0.245553 0.013830 0.040489 0.245553 0.029877 
t 0.026310 0.222583 0.015698 0.040489 0.245553 0.029877 0.051205 0.245553 0.013830 
t 0.051205 0.245553 0.013830 0.032808 0.222583 0.005976 0.026310 0.222583 0.015698 
t 0.026638 0.201800 0.016026 0.026310 0.222583 0.015698 0.032808 0.222583 0.005976 
t 0.032808 0.222583 0.005976 0.033250 0.201800 0.006148 0.026638 0.201800 0.016026 
t 0.025402 0.264148 0.042837 0.004548 0.271804 -0.006064 0.004548 0.271804 -0.006064 
t 0.004548 0.271804 -0.006064 0.042220 0.264148 0.031608 0.025402 0.264148 0.042837 
t 0.024442 0.245553 0.040593 0.025402 0.264148 0.042837 0.042220 0.264148 0.031608 
t 0.042220 0.264148 0.031608 0.040489 0.245553 0.029877 0.024442 0.245553 0.040593 
t 0.016588 0.222583 0.022196 0.024442 0.245553 0.040593 0.040489 0.245553 0.029877 
t 0.040489 0.245553 0.029877 0.026310 0.222583 0.015698 0.016588 0.222583 0.022196 
t 0.016760 0.201800 0.022638 0.016588 0.222583 0.022196 0.026310 0.222583 0.015698 
t 0.026310 0.222583 0.015698 0.026638 0.201800 0.016026 0.016760 0.201800 0.022638 
t 0.004548 0.264148 0.046926 0.004548 0.271804 -0.006064 0.004548 0.271804 -0.006064 
t 0.004548 0.271804 -0.006064 0.025402 0.264148 0.042837 0.004548 0.264148 0.046926 
t 0.004548 0.245553 0.044495 0.004548 0.264148 0.046926 0.025402 0.264148 0.042837 
t 0.025402 0.264148 0.042837 0.024442 0.245553 0.040593 0.004548 0.245553 0.044495 
t 0.004548 0.222583 0.024563 0.004548 0.245553 0.044495 0.024442 0.245553 0.040593 
t 0.024442 0.245553 0.040593 0.016588 0.222583 0.022196 0.004548 0.222583 0.024563 
t 0.004548 0.201800 0.025049 0.004548 0.222583 0.024563 0.016588 0.222583 0.022196 
t 0.016588 0.222583 0.022196 0.016760 0.201800 0.022638 0.004548 0.201800 0.025049 
t -0.016306 0.264148 0.042837 0.004548 0.271804 -0.006064 0.004548 0.271804 -0.006064 
t 0.004548 0.271804 -0.006064 0.004548 0.264148 0.046926 -0.016306 0.264148 0.042837 
t -0.015346 0.245553 0.040593 -0.016306 0.264148 0.042837 0.004548 0.264148 0.046926 
t 0.004548 0.264148 0.046926 0.004548 0.245553 0.044495 -0.015346 0.245553 0.040593 
t -0.007492 0.222583 0.022196 -0.015346 0.245553 0.040593 0.004548 0.245553 0.044495 
t 0.004548 0.245553 0.044495 0.004548 0.222583 0.024563 -0.007492 0.222583 0.022196 
t -0.007664 0.201800 0.022638 -0.007492 0.222583 0.022196 0.004548 0.222583 0.024563 
t 0.004548 0.222583 0.024563 0.004548 0.201800 0.025049 -0.007664 0.201800 0.022638 
t -0.033124 0.264148 0.031608 0.004548 0.271804 -0.006064 0.004548 0.271804 -0.006064 
t 0.004548 0.271804 -0.006064 -0.016306 0.264148 0.042837 -0.033124 0.264148 0.031608 
t -0.031393 0.245553 0.029877 -0.033124 0.264148 0.031608 -0.016306 0.264148 0.042837 
t -0.016306 0.264148 0.042837 -0.015346 0.245553 0.040593 -0.031393 0.245553 0.029877 
t -0.017214 0.222583 0.015698 -0.031393 0.245553 0.029877 -0.015346 0.245553 0.040593 
t -0.015346 0.245553 0.040593 -0.007492 0.222583 0.022196 -0.017214 0.222583 0.015698 
t -0.017542 0.201800 0.016026 -0.017214 0.222583 0.015698 -0.007492 0.222583 0.022196 
t -0.007492 0.222583 0.022196 -0.007664 0.201800 0.022638 -0.017542 0.201800 0.016026 
t -0.044354 0.264148 0.014790 0.004548 0.271804 -0.006064 0.004548 0.271804 -0.006064 
t 0.004548 0.271804 -0.006064 -0.033124 0.264148 0.031608 -0.044354 0.264148 0.014790 
t -0.042109 0.245553 0.013830 -0.044354 0.264148 0.014790 -0.033124 0.264148 0.031608 
t -0.033124 0.264148 0.031608 -0.031393 0.245553 0.029877 -0.042109 0.245553 0.013830 
t -0.023712 0.222583 0.005976 -0.042109 0.245553 0.013830 -0.031393 0.245553 0.029877 
t -0.031393 0.245553 0.029877 -0.017214 0.222583 0.015698 -0.023712 0.222583 0.005976 
t -0.024154 0.201800 0.006148 -0.023712 0.222583 0.005976 -0.017214 0.222583 0.015698 
t -0.017214 0.222583 0.015698 -0.017542 0.201800 0.016026 -0.024154 0.201800 0.006148 
t -0.048442 0.264148 -0.006064 0.004548 0.271804 -0.006064 0.004548 0.271804 -0.006064 
t 0.004548 0.271804 -0.006064 -0.044354 0.264148 0.014790 -0.048442 0.264148 -0.006064 
t -0.046011 0.245553 -0.006064 -0.048442 0.264148 -0.006064 -0.044354 0.264148 0.014790 
t -0.044354 0.264148 0.014790 -0.042109 0.245553 0.013830 -0.046011 0.245553 -0.006064 
t -0.026079 0.222583 -0.006064 -0.046011 0.245553 -0.006064 -0.042109 0.245553 0.013830 
t -0.042109 0.245553 0.013830 -0.023712 0.222583 0.005976 -0.026079 0.222583 -0.006064 
t -0.026565 0.201800 -0.006064 -0.026079 0.222583 -0.006064 -0.023712 0.222583 0.005976 
t -0.023712 0.222583 0.005976 -0.024154 0.201800 0.006148 -0.026565 0.201800 -0.006064 
t -0.044354 0.264148 -0.026918 0.004548 0.271804 -0.006064 0.004548 0.271804 -0.006064 
t 0.004548 0.271804 -0.006064 -0.048442 0.264148 -0.006064 -0.044354 0.264148 -0.026918 
t -0.042109 0.245553 -0.025958 -0.044354 0.264148 -0.026918 -0.048442 0.264148 -0.006064 
t -0.048442 0.264148 -0.006064 -0.046011 0.245553 -0.006064 -0.042109 0.245553 -0.025958 
t -0.023712 0.222583 -0.018104 -0.042109 0.245553 -0.025958 -0.046011 0.245553 -0.006064 
t -0.046011 0.245553 -0.006064 -0.026079 0.222583 -0.006064 -0.023712 0.222583 -0.018104 
t -0.024154 0.201800 -0.018276 -0.023712 0.222583 -0.018104 -0.026079 0.222583 -0.006064 
t -0.026079 0.222583 -0.006064 -0.026565 0.201800 -0.006064 -0.024154 0.201800 -0.018276 
t -0.033124 0.264148 -0.043736 0.004548 0.271804 -0.006064 0.004548 0.271804 -0.006064 
t 0.004548 0.271804 -0.006064 -0.044354 0.264148 -0.026918 -0.033124 0.264148 -0.043736 
t -0.031393 0.245553 -0.042005 -0.033124 0.264148 -0.043736 -0.044354 0.264148 -0.026918 
t -0.044354 0.264148 -0.026918 -0.042109 0.245553 -0.025958 -0.031393 0.245553 -0.042005 
t -0.017214 0.222583 -0.027826 -0.031393 0.245553 -0.042005 -0.042109 0.245553 -0.025958 
t -0.042109 0.245553 -0.025958 -0.023712 0.222583 -0.018104 -0.017214 0.222583 -0.027826 
t -0.017542 0.201800 -0.028154 -0.017214 0.222583 -0.027826 -0.023712 0.222583 -0.018104 
t -0.023712 0.222583 -0.018104 -0.024154 0.201800 -0.018276 -0.017542 0.201800 -0.028154 
t -0.016306 0.264148 -0.054965 0.004548 0.271804 -0.006064 0.004548 0.271804 -0.006064 
t 0.004548 0.271804 -0.006064 -0.033124 0.264148 -0.043736 -0.016306 0.264148 -0.054965 
t -0.015346 0.245553 -0.052721 -0.016306 0.264148 -0.054965 -0.033124 0.264148 -0.043736 
t -0.033124 0.264148 -0.043736 -0.031393 0.245553 -0.042005 -0.015346 0.245553 -0.052721 
t -0.007492 0.222583 -0.034324 -0.015346 0.245553 -0.052721 -0.031393 0.245553 -0.042005 
t -0.031393 0.245553 -0.042005 -0.017214 0.222583 -0.027826 -0.007492 0.222583 -0.034324 
t -0.007664 0.201800 -0.034766 -0.007492 0.222583 -0.034324 -0.017214 0.222583 -0.027826 
t -0.017214 0.222583 -0.027826 -0.017542 0.201800 -0.028154 -0.007664 0.201800 -0.034766 
t 0.004548 0.264148 -0.059054 0.004548 0.271804 -0.006064 0.004548 0.271804 -0.006064 
t 0.004548 0.271804 -0.006064 -0.016306 0.264148 -0.054965 0.004548 0.264148 -0.059054 
t 0.004548 0.245553 -0.056623 0.004548 0.264148 -0.059054 -0.016306 0.264148 -0.054965 
t -0.016306 0.264148 -0.054965 -0.015346 0.245553 -0.052721 0.004548 0.245553 -0.056623 
t 0.004548 0.222583 -0.036691 0.004548 0.245553 -0.056623 -0.015346 0.245553 -0.052721 
t -0.015346 0.245553 -0.052721 -0.007492 0.222583 -0.034324 0.004548 0.222583 -0.036691 
t 0.004548 0.201800 -0.037177 0.004548 0.222583 -0.036691 -0.007492 0.222583 -0.034324 
t -0.007492 0.222583 -0.034324 -0.007664 0.201800 -0.034766 0.004548 0.201800 -0.037177 
t 0.025402 0.264148 -0.054965 0.004548 0.271804 -0.006064 0.004548 0.271804 -0.006064 
t 0.004548 0.271804 -0.006064 0.004548 0.264148 -0.059054 0.025402 0.264148 -0.054965 
t 0.024442 0.245553 -0.052721 0.025402 0.264148 -0.054965 0.004548 0.264148 -0.059054 
t 0.004548 0.264148 -0.059054 0.004548 0.245553 -0.056623 0.024442 0.245553 -0.052721 
t 0.016588 0.222583 -0.034324 0.024442 0.245553 -0.052721 0.004548 0.245553 -0.056623 
t 0.004548 0.245553 -0.056623 0.004548 0.222583 -0.036691 0.016588 0.222583 -0.034324 
t 0.016760 0.201800 -0.034766 0.016588 0.222583 -0.034324 0.004548 0.222583 -0.036691 
t 0.004548 0.222583 -0.036691 0.004548 0.201800 -0.037177 0.016760 0.201800 -0.034766 
t 0.042220 0.264148 -0.043736 0.004548 0.271804 -0.006064 0.004548 0.271804 -0.006064 
t 0.004548 0.271804 -0.006064 0.025402 0.264148 -0.054965 0.042220 0.264148 -0.043736 
t 0.040489 0.245553 -0.042005 0.042220 0.264148 -0.043736 0.025402 0.264148 -0.054965 
t 0.025402 0.264148 -0.054965 0.024442 0.245553 -0.052721 0.040489 0.245553 -0.042005 
t 0.026310 0.222583 -0.027826 0.040489 0.245553 -0.042005 0.024442 0.245553 -0.052721 
t 0.024442 0.245553 -0.052721 0.016588 0.222583 -0.034324 0.026310 0.222583 -0.027826 
t 0.026638 0.201800 -0.028154 0.026310 0.222583 -0.027826 0.016588 0.222583 -0.034324 
t 0.016588 0.222583 -0.034324 0.016760 0.201800 -0.034766 0.026638 0.201800 -0.028154 
t 0.053450 0.264148 -0.026918 0.004548 0.271804 -0.006064 0.004548 0.271804 -0.006064 
t 0.004548 0.271804 -0.006064 0.042220 0.264148 -0.043736 0.053450 0.264148 -0.026918 
t 0.051205 0.245553 -0.025958 0.053450 0.264148 -0.026918 0.042220 0.264148 -0.043736 
t 0.042220 0.264148 -0.043736 0.040489 0.245553 -0.042005 0.051205 0.245553 -0.025958 
t 0.032808 0.222583 -0.018104 0.051205 0.245553 -0.025958 0.040489 0.245553 -0.042005 
t 0.040489 0.245553 -0.042005 0.026310 0.222583 -0.027826 0.032808 0.222583 -0.018104 
t 0.033250 0.201800 -0.018276 0.032808 0.222583 -0.018104 0.026310 0.222583 -0.027826 
t 0.026310 0.222583 -0.027826 0.026638 0.201800 -0.028154 0.033250 0.201800 -0.018276 
t 0.057538 0.264148 -0.006064 0.004548 0.271804 -0.006064 0.004548 0.271804 -0.006064 
t 0.004548 0.271804 -0.006064 0.053450 0.264148 -0.026918 0.057538 0.264148 -0.006064 
t 0.055107 0.245553 -0.006064 0.057538 0.264148 -0.006064 0.053450 0.264148 -0.026918 
t 0.053450 0.264148 -0.026918 0.051205 0.245553 -0.025958 0.055107 0.245553 -0.006064 
t 0.035175 0.222583 -0.006064 0.055107 0.245553 -0.006064 0.051205 0.245553 -0.025958 
t 0.051205 0.245553 -0.025958 0.032808 0.222583 -0.018104 0.035175 0.222583 -0.006064 
t 0.035661 0.201800 -0.006064 0.035175 0.222583 -0.006064 0.032808 0.222583 -0.018104 
t 0.032808 0.222583 -0.018104 0.033250 0.201800 -0.018276 0.035661 0.201800 -0.006064 
t 0.070024 0.187945 0.021795 0.033250 0.201800 0.006148 0.035661 0.201800 -0.006064 
t 0.035661 0.201800 -0.006064 0.075525 0.187945 -0.006064 0.070024 0.187945 0.021795 
t 0.122944 0.178465 0.044310 0.070024 0.187945 0.021795 0.075525 0.187945 -0.006064 
t 0.075525 0.187945 -0.006064 0.132890 0.178465 -0.006064 0.122944 0.178465 0.044310 
t 0.170481 0.168985 0.064536 0.122944 0.178465 0.044310 0.132890 0.178465 -0.006064 
t 0.132890 0.178465 -0.006064 0.184421 0.168985 -0.006064 0.170481 0.168985 0.064536 
t 0.191111 0.155130 0.073313 0.170481 0.168985 0.064536 0.184421 0.168985 -0.006064 
t 0.184421 0.168985 -0.006064 0.206784 0.155130 -0.006064 0.191111 0.155130 0.073313 
t 0.054942 0.187945 0.044330 0.026638 0.201800 0.016026 0.033250 0.201800 0.006148 
t 0.033250 0.201800 0.006148 0.070024 0.187945 0.021795 0.054942 0.187945 0.044330 
t 0.095671 0.178465 0.085059 0.054942 0.187945 0.044330 0.070024 0.187945 0.021795 
t 0.070024 0.187945 0.021795 0.122944 0.178465 0.044310 0.095671 0.178465 0.085059 
t 0.132258 0.168985 0.121646 0.095671 0.178465 0.085059 0.122944 0.178465 0.044310 
t 0.122944 0.178465 0.044310 0.170481 0.168985 0.064536 0.132258 0.168985 0.121646 
t 0.148136 0.155130 0.137524 0.132258 0.168985 0.121646 0.170481 0.168985 0.064536 
t 0.170481 0.168985 0.064536 0.191111 0.155130 0.073313 0.148136 0.155130 0.137524 
t 0.032407 0.187945 0.059413 0.016760 0.201800 0.022638 0.026638 0.201800 0.016026 
t 0.026638 0.201800 0.016026 0.054942 0.187945 0.044330 0.032407 0.187945 0.059413 
t 0.054922 0.178465 0.112332 0.032407 0.187945 0.059413 0.054942 0.187945 0.044330 
t 0.054942 0.187945 0.044330 0.095671 0.178465 0.085059 0.054922 0.178465 0.112332 
t 0.075149 0.168985 0.159869 0.054922 0.178465 0.112332 0.095671 0.178465 0.085059 
t 0.095671 0.178465 0.085059 0.132258 0.168985 0.121646 0.075149 0.168985 0.159869 
t 0.083926 0.155130 0.180499 0.075149 0.168985 0.159869 0.132258 0.168985 0.121646 
t 0.132258 0.168985 0.121646 0.148136 0.155130 0.137524 0.083926 0.155130 0.180499 
t 0.004548 0.187945 0.064913 0.004548 0.201800 0.025049 0.016760 0.201800 0.022638 
t 0.016760 0.201800 0.022638 0.032407 0.187945 0.059413 0.004548 0.187945 0.064913 
t 0.004548 0.178465 0.122278 0.004548 0.187945 0.064913 0.032407 0.187945 0.059413 
t 0.032407 0.187945 0.059413 0.054922 0.178465 0.112332 0.004548 0.178465 0.122278 
t 0.004548 0.168985 0.173810 0.004548 0.178465 0.122278 0.054922 0.178465 0.112332 
t 0.054922 0.178465 0.112332 0.075149 0.168985 0.159869 0.004548 0.168985 0.173810 
t 0.004548 0.155130 0.196172 0.004548 0.168985 0.173810 0.075149 0.168985 0.159869 
t 0.075149 0.168985 0.159869 0.083926 0.155130 0.180499 0.004548 0.155130 0.196172 
t -0.023311 0.187945 0.059413 -0.007664 0.201800 0.022638 0.004548 0.201800 0.025049 
t 0.004548 0.201800 0.025049 0.004548 0.187945 0.064913 -0.023311 0.187945 0.059413 
t -0.045826 0.178465 0.112332 -0.023311 0.187945 0.059413 0.004548 0.187945 0.064913 
t 0.004548 0.187945 0.064913 0.004548 0.178465 0.122278 -0.045826 0.178465 0.112332 
t -0.066052 0.168985 0.159869 -0.045826 0.178465 0.112332 0.004548 0.178465 0.122278 
t 0.004548 0.178465 0.122278 0.004548 0.168985 0.173810 -0.066052 0.168985 0.159869 
t -0.074829 0.155130 0.180499 -0.066052 0.168985 0.159869 0.004548 0.168985 0.173810 
t 0.004548 0.168985 0.173810 0.004548 0.155130 0.196172 -0.074829 0.155130 0.180499 
t -0.045846 0.187945 0.044330 -0.017542 0.201800 0.016026 -0.007664 0.201800 0.022638 
t -0.007664 0.201800 0.022638 -0.023311 0.187945 0.059413 -0.045846 0.187945 0.044330 
t -0.086575 0.178465 0.085059 -0.045846 0.187945 0.044330 -0.023311 0.187945 0.059413 
t -0.023311 0.187945 0.059413 -0.045826 0.178465 0.112332 -0.086575 0.178465 0.085059 
t -0.123162 0.168985 0.121646 -0.086575 0.178465 0.085059 -0.045826 0.178465 0.112332 
t -0.045826 0.178465 0.112332 -0.066052 0.168985 0.159869 -0.123162 0.168985 0.121646 
t -0.139039 0.155130 0.137524 -0.123162 0.168985 0.121646 -0.066052 0.168985 0.159869 
t -0.066052 0.168985 0.159869 -0.074829 0.155130 0.180499 -0.139039 0.155130 0.137524 
t -0.060929 0.187945 0.021795 -0.024154 0.201800 0.006148 -0.017542 0.201800 0.016026 
t -0.017542 0.201800 0.016026 -0.045846 0.187945 0.044330 -0.060929 0.187945 0.021795 
t -0.113848 0.178465 0.044310 -0.060929 0.187945 0.021795 -0.045846 0.187945 0.044330 
t -0.045846 0.187945 0.044330 -0.086575 0.178465 0.085059 -0.113848 0.178465 0.044310 
t -0.161385 0.168985 0.064536 -0.113848 0.178465 0.044310 -0.086575 0.178465 0.085059 
t -0.086575 0.178465 0.085059 -0.123162 0.168985 0.121646 -0.161385 0.168985 0.064536 
t -0.182015 0.155130 0.073313 -0.161385 0.168985 0.064536 -0.123162 0.168985 0.121646 
t -0.123162 0.168985 0.121646 -0.139039 0.155130 0.137524 -0.182015 0.155130 0.073313 
t -0.066429 0.187945 -0.006064 -0.026565 0.201800 -0.006064 -0.024154 0.201800 0.006148 
t -0.024154 0.201800 0.006148 -0.060929 0.187945 0.021795 -0.066429 0.187945 -0.006064 
t -0.123794 0.178465 -0.006064 -0.066429 0.187945 -0.006064 -0.060929 0.187945 0.021795 
t -0.060929 0.187945 0.021795 -0.113848 0.178465 0.044310 -0.123794 0.178465 -0.006064 
t -0.175326 0.168985 -0.006064 -0.123794 0.178465 -0.006064 -0.113848 0.178465 0.044310 
t -0.113848 0.178465 0.044310 -0.161385 0.168985 0.064536 -0.175326 0.168985 -0.006064 
t -0.197688 0.155130 -0.006064 -0.175326 0.168985 -0.006064 -0.161385 0.168985 0.064536 
t -0.161385 0.168985 0.064536 -0.182015 0.155130 0.073313 -0.197688 0.155130 -0.006064 
t -0.060929 0.187945 -0.033923 -0.024154 0.201800 -0.018276 -0.026565 0.201800 -0.006064 
t -0.026565 0.201800 -0.006064 -0.066429 0.187945 -0.006064 -0.060929 0.187945 -0.033923 
t -0.113848 0.178465 -0.056438 -0.060929 0.187945 -0.033923 -0.066429 0.187945 -0.006064 
t -0.066429 0.187945 -0.006064 -0.123794 0.178465 -0.006064 -0.113848 0.178465 -0.056438 
t -0.161385 0.168985 -0.076664 -0.113848 0.178465 -0.056438 -0.123794 0.178465 -0.006064 
t -0.123794 0.178465 -0.006064 -0.175326 0.168985 -0.006064 -0.161385 0.168985 -0.076664 
t -0.182015 0.155130 -0.085442 -0.161385 0.168985 -0.076664 -0.175326 0.168985 -0.006064 
t -0.175326 0.168985 -0.006064 -0.197688 0.155130 -0.006064 -0.182015 0.155130 -0.085442 
t -0.045846 0.187945 -0.056458 -0.017542 0.201800 -0.028154 -0.024154 0.201800 -0.018276 
t -0.024154 0.201800 -0.018276 -0.060929 0.187945 -0.033923 -0.045846 0.187945 -0.056458 
t -0.086575 0.178465 -0.097187 -0.045846 0.187945 -0.056458 -0.060929 0.187945 -0.033923 
t -0.060929 0.187945 -0.033923 -0.113848 0.178465 -0.056438 -0.086575 0.178465 -0.097187 
t -0.123162 0.168985 -0.133774 -0.086575 0.178465 -0.097187 -0.113848 0.178465 -0.056438 
t -0.113848 0.178465 -0.056438 -0.161385 0.168985 -0.076664 -0.123162 0.168985 -0.133774 
t -0.139039 0.155130 -0.149652 -0.123162 0.168985 -0.133774 -0.161385 0.168985 -0.076664 
t -0.161385 0.168985 -0.076664 -0.182015 0.155130 -0.085442 -0.139039 0.155130 -0.149652 
t -0.023311 0.187945 -0.071540 -0.007664 0.201800 -0.034766 -0.017542 0.201800 -0.028154 
t -0.017542 0.201800 -0.028154 -0.045846 0.187945 -0.056458 -0.023311 0.187945 -0.071540 
t -0.045826 0.178465 -0.124460 -0.023311 0.187945 -0.071540 -0.045846 0.187945 -0.056458 
t -0.045846 0.187945 -0.056458 -0.086575 0.178465 -0.097187 -0.045826 0.178465 -0.124460 
t -0.066052 0.168985 -0.171997 -0.045826 0.178465 -0.124460 -0.086575 0.178465 -0.097187 
t -0.086575 0.178465 -0.097187 -0.123162 0.168985 -0.133774 -0.066052 0.168985 -0.171997 
t -0.074829 0.155130 -0.192627 -0.066052 0.168985 -0.171997 -0.123162 0.168985 -0.133774 
t -0.123162 0.168985 -0.133774 -0.139039 0.155130 -0.149652 -0.074829 0.155130 -0.192627 
t 0.004548 0.187945 -0.077041 0.004548 0.201800 -0.037177 -0.007664 0.201800 -0.034766 
t -0.007664 0.201800 -0.034766 -0.023311 0.187945 -0.071540 0.004548 0.187945 -0.077041 
t 0.004548 0.178465 -0.134406 0.004548 0.187945 -0.077041 -0.023311 0.187945 -0.071540 
t -0.023311 0.187945 -0.071540 -0.045826 0.178465 -0.124460 0.004548 0.178465 -0.134406 
t 0.004548 0.168985 -0.185937 0.004548 0.178465 -0.134406 -0.045826 0.178465 -0.124460 
t -0.045826 0.178465 -0.124460 -0.066052 0.168985 -0.171997 0.004548 0.168985 -0.185937 
t 0.004548 0.155130 -0.208300 0.004548 0.168985 -0.185937 -0.066052 0.168985 -0.171997 
t -0.066052 0.168985 -0.171997 -0.074829 0.155130 -0.192627 0.004548 0.155130 -0.208300 
t 0.032407 0.187945 -0.071540 0.016760 0.201800 -0.034766 0.004548 0.201800 -0.037177 
t 0.004548 0.201800 -0.037177 0.004548 0.187945 -0.077041 0.032407 0.187945 -0.071540 
t 0.054922 0.178465 -0.124460 0.032407 0.187945 -0.071540 0.004548 0.187945 -0.077041 
t 0.004548 0.187945 -0.077041 0.004548 0.178465 -0.134406 0.054922 0.178465 -0.124460 
t 0.075149 0.168985 -0.171997 0.054922 0.178465 -0.124460 0.004548 0.178465 -0.134406 
t 0.004548 0.178465 -0.134406 0.004548 0.168985 -0.185937 0.075149 0.168985 -0.171997 
t 0.083926 0.155130 -0.192627 0.075149 0.168985 -0.171997 0.004548 0.168985 -0.185937 
t 0.004548 0.168985 -0.185937 0.004548 0.155130 -0.208300 0.083926 0.155130 -0.192627 
t 0.054942 0.187945 -0.056458 0.026638 0.201800 -0.028154 0.016760 0.201800 -0.034766 
t 0.016760 0.201800 -0.034766 0.032407 0.187945 -0.071540 0.054942 0.187945 -0.056458 
t 0.095671 0.178465 -0.097187 0.054942 0.187945 -0.056458 0.032407 0.187945 -0.071540 
t 0.032407 0.187945 -0.071540 0.054922 0.178465 -0.124460 0.095671 0.178465 -0.097187 
t 0.132258 0.168985 -0.133774 0.095671 0.178465 -0.097187 0.054922 0.178465 -0.124460 
t 0.054922 0.178465 -0.124460 0.075149 0.168985 -0.171997 0.132258 0.168985 -0.133774 
t 0.148136 0.155130 -0.149652 0.132258 0.168985 -0.133774 0.075149 0.168985 -0.171997 
t 0.075149 0.168985 -0.171997 0.083926 0.155130 -0.192627 0.148136 0.155130 -0.149652 
t 0.070024 0.187945 -0.033923 0.033250 0.201800 -0.018276 0.026638 0.201800 -0.028154 
t 0.026638 0.201800 -0.028154 0.054942 0.187945 -0.056458 0.070024 0.187945 -0.033923 
t 0.122944 0.178465 -0.056438 0.070024 0.187945 -0.033923 0.054942 0.187945 -0.056458 
t 0.054942 0.187945 -0.056458 0.095671 0.178465 -0.097187 0.122944 0.178465 -0.056438 
t 0.170481 0.168985 -0.076664 0.122944 0.178465 -0.056438 0.095671 0.178465 -0.097187 
t 0.095671 0.178465 -0.097187 0.132258 0.168985 -0.133774 0.170481 0.168985 -0.076664 
t 0.191111 0.155130 -0.085442 0.170481 0.168985 -0.076664 0.132258 0.168985 -0.133774 
t 0.132258 0.168985 -0.133774 0.148136 0.155130 -0.149652 0.191111 0.155130 -0.085442 
t 0.075525 0.187945 -0.006064 0.035661 0.201800 -0.006064 0.033250 0.201800 -0.018276 
t 0.033250 0.201800 -0.018276 0.070024 0.187945 -0.033923 0.075525 0.187945 -0.006064 
t 0.132890 0.178465 -0.006064 0.075525 0.187945 -0.006064 0.070024 0.187945 -0.033923 
t 0.070024 0.187945 -0.033923 0.122944 0.178465 -0.056438 0.132890 0.178465 -0.006064 
t 0.184421 0.168985 -0.006064 0.132890 0.178465 -0.006064 0.122944 0.178465 -0.056438 
t 0.122944 0.178465 -0.056438 0.170481 0.168985 -0.076664 0.184421 0.168985 -0.006064 
t 0.206784 0.155130 -0.006064 0.184421 0.168985 -0.006064 0.170481 0.168985 -0.076664 
t 0.170481 0.168985 -0.076664 0.191111 0.155130 -0.085442 0.206784 0.155130 -0.006064 
